"y" "X1" "X2" "X3" "X4" "X5" "X6" "X7" "X8" "X9" "X10"
"1" -1.0237 -0.0155 -0.0712 0.0149 -0.0295 -0.0099 0.0333 -0.0229 0.0304 -0.046 0.0803
"2" 1.297 -0.0125 0.0639 -0.0107 -0.0971 0.0411 -0.086 -0.0564 0.0372 9e-04 0.0157
"3" 0.4956 -0.0456 0.0769 0.0203 -0.0815 0.0371 -0.0674 0.0235 0.0466 -0.0266 -0.0747
"4" -0.3716 -0.0059 0.1461 -0.0827 -0.0862 0.0644 -0.0919 -0.0413 0.0391 0.014 -0.0793
"5" -0.123 -0.0265 -0.0046 -4e-04 -0.1009 0.0411 0.0236 -0.1192 -0.0101 -0.0218 0.0541
"6" -0.0442 0.002 0.1202 -0.0664 -0.1912 0.1094 0.0444 -0.1474 -0.0061 -0.0599 0.048
"7" -0.5109 -0.1216 -0.0672 0.0577 -0.0256 -0.0315 -0.0315 -0.0407 -0.0377 -0.0185 0.0072
"8" -0.8782 -0.1061 -0.1078 0.0212 0.0055 -0.0612 -0.0763 0.0788 -0.0057 0.0125 -0.0214
"9" 0.7729 0.0361 0.0756 -0.0692 0.1173 -0.0133 0.0176 0.01 -0.0234 0.039 -0.0205
"10" -0.2646 0.0134 0.1175 -0.0472 0.0235 0.0439 0.0378 0.0939 -0.0021 -0.0418 -0.1372
"11" -0.4542 0.0556 0.0665 -0.0891 0.1474 -0.035 -0.0556 0.0833 -0.0018 0.0661 -0.0571
"12" 1.3141 0.1008 -0.046 -0.0625 -0.0308 0.0245 -0.0096 -0.0112 0.0222 0.0483 0.0502
"13" 0.5381 -0.1157 -0.0293 0.1206 -0.15 0.0095 -0.0171 -0.029 -0.0286 -0.0359 -0.0272
"14" -1.0436 -0.0568 -0.0503 -0.0056 0.0444 -0.0317 0.0119 0.0353 0.023 -0.0656 -0.0022
"15" 0.7044 -0.137 0.1411 0.0293 0.1859 -0.1121 -0.1825 0.263 0.0107 0.004 -0.1494
"16" 0.7769 -0.1197 -0.0249 0.0108 -0.0058 -0.039 -0.1177 -0.036 -0.0104 0.0477 -0.034
"17" 0.1172 0.106 -0.0622 -0.0452 0.1084 -0.0394 -0.0169 0.0601 -0.0365 0.1116 0.0248
"18" 0.964 7e-04 0.0294 0.0079 -0.0575 0.0348 0.0337 0.0226 0.0215 -0.0768 0.013
"19" -0.8597 -0.1148 0.1847 0.0096 0.0413 -0.0174 -0.1154 0.1413 0.0558 -0.0771 -0.1579
"20" 0.3781 0.0512 0.0139 -0.0316 0.1825 -0.07 -0.0472 0.1775 0.007 0.0548 -0.0619
"21" 0.2808 0.013 -0.0274 0.0582 -0.1385 0.0319 -0.0617 -0.0711 0.0438 0.0198 0.0789
"22" -1.1923 -0.0926 0.0052 0.1045 -0.0391 -0.0183 0.0087 0.0124 0.0111 -0.0722 -0.0207
"23" -2.303 -0.1311 0.0995 0.0283 -0.2161 0.0756 -0.1234 -0.1094 0.0308 -0.0447 -0.0439
"24" -0.1784 -0.0853 -0.048 0.0041 0.0576 -0.0617 -0.0399 -0.007 -0.0252 0.0194 0.0022
"25" -1.215 -0.0751 -0.1107 0.0138 -0.0113 -0.0342 -0.1134 -0.0519 0.0137 0.076 -0.0098
"26" -0.4054 0.0414 0.1363 -0.0479 0.0792 -0.0156 0.0094 0.1313 0.0494 -0.0244 -0.0381
"27" 0.7838 -0.1058 -0.0195 -0.0082 -0.0105 -0.0254 -0.0921 -0.0304 -0.0233 0.0345 -0.0238
"28" 1.8485 0.1492 -0.1379 0.0045 0.0136 0.0022 0.105 -0.017 -0.0241 0.0589 0.0875
"29" -0.2585 0.1671 -0.0739 -0.0832 0.2677 -0.0935 -0.0114 0.1718 -0.0043 0.1318 0.0029
"30" 0.1085 -0.0689 1e-04 0.0582 0.0017 -0.0213 -0.0074 0.0013 -0.0227 -0.0168 -0.0334
"31" 0.7841 -0.0695 0.0099 -1e-04 0.0832 -0.0511 -0.0513 0.0925 -0.0614 0.0423 -0.1138
"32" -0.5389 8e-04 0.1128 -0.0528 0.0154 0.041 -0.0064 0.0249 0.0117 -0.073 -0.0171
"33" -0.1274 0.0095 -0.016 -0.0449 0.0489 -0.023 -0.0159 0.0222 -0.0171 0.0466 -0.0349
"34" -0.7594 -0.1555 -0.1047 0.1158 -0.0899 -0.0127 -0.0022 -0.0393 -0.0255 -0.0675 -0.0199
"35" 0.0292 -0.0074 0.1271 -0.0336 -0.0371 0.0452 0.0221 0.0485 0.0201 -0.0635 -0.0498
"36" -2.0607 -0.0572 -0.0054 0.1028 -0.0771 -0.004 -0.0015 0.0377 0.0181 -0.0572 -0.0167
"37" 0.8854 0.1407 -0.0962 0.0119 0.0837 0.0035 0.0848 0.0265 -0.0346 0.0025 0.0476
"38" -1.8827 -0.1281 0.0757 0.0841 -0.0045 -0.0117 -0.0492 0.0568 0.0209 -0.0809 -0.0887
"39" 2.1067 0.0507 -0.0696 -0.0409 0.1137 -0.0378 0.0353 0.0137 -0.0605 0.0697 -0.0163
"40" 2.1039 -0.0285 -0.105 0.0438 0.034 -0.0362 -0.0012 -0.0187 -0.0176 0.0077 0.0583
"41" -0.7535 -0.1689 0.154 0.0864 -0.0073 -0.0243 -0.0993 0.094 0.0525 -0.1156 -0.0989
"42" 1.2366 0.0899 -0.0798 0.0062 0.0795 -0.0352 0.0268 0.0359 0.0173 0.0297 0.0789
"43" 2.2019 -0.0202 0.0155 -0.0481 -0.0666 0.0234 -0.041 -0.0988 0.0015 0.0382 0.0104
"44" 0.2203 -0.0171 0.0891 0.0267 -0.2276 0.103 0.018 -0.1705 0.0028 -0.0856 0.0653
"45" 0.457 -0.0278 0.0156 0.0484 0.1142 -0.0654 -0.0375 0.0889 0.0159 0.0156 -0.0406
"46" 1.7397 0.0614 0.086 -0.0461 0.0133 0.0313 0.0498 -0.0901 0.0037 -0.004 0.0454
"47" -0.9485 0.021 -0.0699 0.0063 0.0164 0.0089 -0.004 -0.0684 -0.0526 0.0544 0.0031
"48" -0.8061 -0.1173 -8e-04 0.1179 -0.1038 -0.0032 0.0317 0.0416 0.0234 -0.1183 -0.0183
"49" -0.5846 -0.1555 0.032 0.0296 -0.0776 0.0185 -0.1363 -0.0565 -0.0061 -0.057 -0.0575
"50" -0.6323 -0.0438 -0.0907 0.003 -0.1346 0.0372 0.0022 -0.1344 -0.0222 -0.0267 0.0789
"51" -0.2888 0.0359 -0.1205 0.0918 0.1158 -0.0738 0.0571 0.1318 -0.0569 0.0038 -0.0039
"52" -0.2594 -0.064 -0.0788 0.0531 0.1035 -0.0752 0.0092 0.1059 -0.008 1e-04 -0.0915
"53" 1.2459 0.0451 0.0363 -0.0502 0.0303 0.0103 -0.0085 0.0514 0.012 0.0201 -0.0317
"54" -0.7228 0.0159 0.1303 0.0437 0.0028 0.018 0.038 0.0704 0.0128 -0.0327 -0.0559
"55" 0.0284 0.1462 -0.1654 -0.0419 0.2007 -0.0734 0.0454 0.0651 -0.0362 0.1158 0.0342
"56" -0.112 -0.0518 -0.0477 0.0184 0.1009 -0.0917 -0.1732 0.1514 0.0345 0.0829 -0.0927
"57" -0.999 0.0912 0.0101 -0.0081 -0.106 0.0622 0.0252 -0.0649 0.016 0.0113 0.0607
"58" 0.1168 -0.0549 0.0991 0.0127 -0.0473 0.0396 0.0463 3e-04 0.0028 -0.0621 -0.0835
"59" 0.9505 0.1031 -0.0072 -0.0396 -0.0607 0.0523 0.152 -0.0246 0.0241 -0.0617 0.0769
"60" -0.8759 0.0522 -0.0177 -0.0255 0.0411 0.0012 0.0744 -0.0715 -0.035 0.0493 0.0426
"61" 0.4869 0.0043 -0.0607 0.0565 -0.1172 0.0466 0.0852 -0.1175 -0.0347 -0.0347 0.0728
"62" 2.4104 -0.0101 -0.0284 0.0354 -0.0766 0.0088 0.0351 -0.0457 -0.0089 -0.0252 0.0602
"63" -0.4506 -0.1342 -0.0589 0.0295 -0.0441 -0.0209 -0.0735 -0.0393 -0.0116 -0.0091 -0.0319
"64" -1.7145 -0.2061 -0.0301 0.1041 -0.0774 -0.0322 -0.0752 -0.0189 -0.0359 -0.0206 -0.0684
"65" -1.206 -0.16 0.0949 0.0317 -0.3213 0.0908 -0.0797 -0.1759 0.0156 -0.0381 0.006
"66" 0.2046 -0.0596 -0.0457 -0.0222 0.0796 -0.0438 -0.0513 -0.0613 -0.0094 0.049 -0.0179
"67" 1.4801 0.0684 0.0923 -0.0161 0.1098 -0.0226 0.0102 0.1813 -0.0068 0.0122 -0.0642
"68" 0.1961 -0.0331 -0.0694 -0.0236 -0.0368 0.004 -0.0435 -0.0942 -0.0048 0.0481 0.0189
"69" -0.2915 0.0081 0.0231 -0.0547 -0.1017 0.0415 -0.0511 -0.0619 3e-04 0.0359 0.0019
"70" 1.5603 0.1254 0.0048 -0.0804 0.2536 -0.0743 -0.0119 0.1231 0.0072 0.1036 -0.0069
"71" -0.4363 -0.1246 0.1822 0.0529 -0.288 0.1097 -0.0726 -0.0754 0.0743 -0.1137 -0.0746
"72" -1.7874 -0.0518 -0.0214 -0.064 0.1184 -0.0458 -0.0997 0.0583 -0.0139 0.0667 -0.0917
"73" -0.3263 0.1496 -0.002 -0.0606 6e-04 0.0428 0.033 -0.0442 -0.0076 0.0494 0.0681
"74" 0.0388 0.0039 -0.0617 0.0899 0.0181 -0.0285 0.0662 0.0417 -0.0194 -0.0196 0.0051
"75" -0.3977 0.0665 -0.1018 0.0287 0.0986 -0.0272 0.1124 0.0286 -0.0329 -0.0182 0.0216
"76" -0.3024 0.1403 0.0022 -0.0253 0.0557 0.0024 0.0397 0.0743 -0.0192 0.0054 0.0515
"77" -0.2584 -0.0094 0.1193 0.0183 -0.2001 0.0942 0.1058 -0.1094 0.0266 -0.1143 0.0339
"78" -0.5819 -0.0371 0.0455 0.0475 -0.0484 0.0283 0.0669 -0.0221 0.0402 -0.1088 -0.007
"79" 2.2419 0.1277 0.0535 0.0346 0.0626 -0.0029 0.0708 0.1118 0.0017 0.0073 0.0086
"80" 0.7126 -0.0267 0.0822 0.0495 -0.0442 0.0214 -0.0019 -0.0113 -0.0028 -0.0505 0.025
"81" 1.9526 0.209 0.1011 -0.0388 0.0975 0.0166 0.1053 0.0597 -0.0121 0.0444 0.0517
"82" 1.2573 0.1271 0.1352 -0.0564 -0.1811 0.1287 0.0754 -0.0514 0.0806 -0.0628 0.0488
"83" 1.0992 0.0463 -0.0907 -0.0595 0.0076 0.0107 0.0454 -0.0814 -0.043 0.0263 0.0537
"84" -1.5556 0.0632 0.0401 0.0127 0.1555 -0.0519 0.0838 0.205 0.0224 -0.0332 -0.0424
"85" -1.2718 0.068 0.0222 -0.0393 -0.0298 0.0323 0.0385 0.0178 0.0142 -0.0146 0.0285
"86" -0.4604 0.031 -0.1635 0.0114 0.026 -0.0364 0.0237 -0.0803 -0.0019 0.0468 0.0865
"87" -1.1012 -0.1281 -0.0624 0.0199 0.042 -0.0532 -0.1694 -0.0526 -0.0145 0.0756 -0.0417
"88" -0.6412 -0.0611 -0.0897 0.0145 0.0432 -0.051 -0.0585 -0.0013 -0.0518 0.0659 -0.0238
"89" 0.7209 0.0355 -0.0747 0.017 0.047 -0.0354 -0.0651 -0.0114 -0.009 0.1048 -0.0014
"90" 0.8231 -0.0018 -0.0168 0.0103 -0.087 0.0332 0.0018 -0.0463 0.0556 -0.0097 -0.0083
"91" -0.9999 -0.0861 0.0884 0.0481 -0.0045 -0.0228 -0.1732 0.1365 0.0642 -0.0056 -0.104
"92" 0.8768 0.1146 -0.041 -0.0262 0.0923 -0.026 0.0552 0.0457 -0.025 0.0514 0.0498
"93" 0.6436 -0.0252 0.0817 -0.0483 -0.0588 0.0205 -0.1584 -0.0277 0.0153 0.1039 -0.0748
"94" -0.5052 0.0437 0.0306 -0.0091 -0.0375 0.0399 0.0873 -0.0686 -0.0337 -0.047 0.0817
"95" -1.0299 -0.0963 -7e-04 0.0487 -0.0337 -0.0132 0.0019 -0.0207 -0.0199 -0.0749 0.0216
"96" -0.6375 -0.0031 0.1286 -0.0088 0.0778 -0.0162 -0.0277 0.1952 0.0276 -0.015 -0.1772
"97" -0.3407 -0.0014 0.0819 -0.0471 0.1094 -0.043 -0.0253 0.0857 -0.0074 -0.0211 0.0091
"98" -1.2384 -0.1945 -0.0239 0.0785 0.0834 -0.1031 -0.1212 0.0917 -0.0081 0.0082 -0.1094
"99" -0.6398 0.0927 0.0877 -0.0296 -0.0352 0.0661 0.0582 -0.0069 -0.006 -0.0223 5e-04
"100" -0.2862 -0.1554 -0.0228 0.0277 -0.1638 0.031 -0.0925 -0.0886 -0.0348 -0.0267 -0.0313
"101" -2.1725 0.0409 0.0081 0.0048 -0.2265 0.0899 0.0678 -0.1476 0.0516 -0.0528 0.0969
"102" -0.2578 0.1385 0.0358 -0.0194 -0.0976 0.0775 -0.0015 -0.0307 0.0116 0.0389 0.0567
"103" -1.333 -0.0731 -0.0262 0.0397 -0.0726 0.0137 0.0298 -0.0041 0.0235 -0.1061 0.0066
"104" -0.1504 -0.0214 -0.0059 0.1038 -0.1028 0.0067 -0.0639 0.0915 0.0436 -0.0227 -0.0379
"105" -0.2936 0.0249 0.1221 -0.0355 0.025 0.0071 -0.0186 0.0932 0.0279 -5e-04 -0.0536
"106" 2.4022 0.1278 -0.0018 -0.0539 0.0422 0.0284 0.1298 -0.0306 -0.0221 -0.0227 0.0871
"107" 1.3657 0.1489 -0.0855 -0.075 0.1523 -0.0353 0.0983 -0.0236 -0.0341 0.0769 0.0662
"108" -1.2518 -0.1158 -0.1078 0.1125 -0.0791 -0.0327 0 -0.0747 -0.0456 -0.0172 0.0405
"109" -0.2196 0.0102 0.0812 -0.0558 0.0413 0.0178 0.0048 0.0065 -0.0038 -0.0138 -0.0439
"110" 1.5668 0.0195 0.054 -0.0175 0.0459 -0.0201 -0.0251 0.1253 0.0404 0.0023 -0.0343
"111" 1.9886 0.0185 -0.007 -0.0462 0.1566 -0.063 -0.0931 0.0901 -0.0069 0.0579 -0.0238
"112" -1.5288 -0.0133 -1e-04 0.0418 -0.1245 0.0455 0.0251 -0.0492 0.0063 -0.0528 -0.0013
"113" -0.6683 -0.0678 -0.081 0.0175 0.0962 -0.079 -0.025 0.0651 -0.0042 0.0299 0.0129
"114" 1.3234 0.1285 -0.0515 -0.02 0.028 0.0025 0.0543 0.0398 9e-04 0.0396 0.0508
"115" 0.5269 0.0523 0.1346 -0.0403 -0.0475 0.0628 0.1055 0.0546 -0.0192 -0.0505 -0.0695
"116" 0.8687 -0.1028 -0.0049 0.027 0.133 -0.0979 -0.0694 0.155 8e-04 0.0262 -0.0797
"117" -1.9366 -0.1288 -0.0382 0.0269 -0.1286 0.0308 0.0636 -0.1584 0.0253 -0.0943 0.0477
"118" 1.6142 0.1184 -0.0354 -0.0557 0.0267 0.0233 0.1115 -0.0528 -0.0045 0.011 0.0689
"119" 0.2291 -0.0873 -0.0161 -0.0172 0.0381 -0.0263 -0.0603 0.0037 0.0117 0.0044 -0.0635
"120" 0.3044 -0.007 -0.0522 0.0333 -0.052 0.0119 -0.0548 -0.0693 -0.0201 0.011 0.052
"121" 0.7091 0.0133 -0.0733 0.0358 0.0491 -0.0341 0.0187 0.028 -0.0399 0.039 0.0117
"122" -2.2843 -2e-04 -0.0159 0.0101 0.0168 -0.0268 -0.0491 0.0407 0.0373 0.0295 0.0137
"123" 0.4306 -0.0029 0.044 0.031 0.1097 -0.0396 -0.0236 0.1272 0.0171 -0.0143 -0.0737
"124" 0.0746 -0.0348 -0.1394 0.0736 0.0441 -0.0559 -0.102 0.0406 -0.0145 0.0814 -0.0131
"125" -0.2234 0.1217 0.0242 0.0225 0.1439 -0.0232 0.1878 0.075 -0.0419 -0.0519 0.0354
"126" -1.4832 0.0494 -0.0743 -0.0513 0.04 -0.0033 -0.0131 0.0151 0.051 0.047 -0.0012
"127" 0.2995 -0.0556 -0.174 -0.0192 0.1805 -0.1229 -0.1182 -0.0377 -0.0901 0.209 -0.0215
"128" -0.6782 -0.0661 0.0735 0.0127 0.0605 -0.0223 -0.0341 0.0774 -0.0012 -0.0288 -0.0765
"129" -0.9545 0.0084 -0.2143 0.0144 0.2206 -0.1185 0.1064 0.0496 -0.1045 0.0645 0.0133
"130" -1.7402 -0.019 0.0871 -0.0045 -0.1189 0.0592 -1e-04 -0.0474 0.0562 -0.0437 -0.0105
"131" 0.5157 0.0193 -0.0485 0.053 0.092 -0.0672 0.0111 0.1045 -0.037 0.04 -0.0086
"132" -0.1182 -0.0518 -0.0197 0.0027 -0.0141 -0.0086 0.0323 -0.0293 -0.0365 -0.0038 -0.0133
"133" -1.1285 -0.0052 -0.0258 0.0149 0.1377 -0.0542 0.0366 0.0512 -0.0431 -0.0174 0.0073
"134" 0.4874 0.0812 -0.0524 0.0083 0.0489 -0.004 0.0636 -0.0266 -0.0488 0.0429 0.0439
"135" -0.1298 -0.0991 -0.0645 0.0265 -0.1091 0.0137 0.0039 -0.0973 0.0405 -0.0748 0.0769
"136" 0.5378 0.1165 -0.0046 -0.0417 0.0825 -0.0119 0.018 0.0513 -0.0317 0.0755 -0.0224
"137" 0.4674 -0.0572 0.0038 -0.0159 0.1579 -0.064 -0.0533 0.0686 -0.0159 0.0092 -0.0671
"138" -0.9417 -0.0572 0.0626 -0.008 -0.0969 0.0419 0.0179 -0.0647 -0.0224 -0.0463 -0.0229
"139" 1.0465 0.011 -0.0478 0.0026 0.029 -0.023 0.0096 -0.0242 0.0096 0.0066 0.051
"140" 0.4092 -0.054 -0.0529 0.0246 0.1003 -0.0622 -0.0885 0.0752 0.0274 -0.0209 -0.0228
"141" -0.1117 -0.0524 0.0466 -0.0503 -0.1411 0.0561 -0.1142 -0.1179 0.0349 0.0595 -0.0405
"142" -0.8889 -0.1411 -0.0246 0.0764 0.0551 -0.0835 -0.0683 0.1542 0.0099 -0.0067 -0.1253
"143" 1.6245 0.0215 0.0366 0.0427 0.0958 -0.0462 0.1161 0.0932 -0.0114 -0.0605 0.0242
"144" -1.0319 0.104 -0.1518 -0.0554 0.0408 0.0109 0.1162 -0.1655 -0.0291 0.0164 0.169
"145" -1.7136 -0.1093 -0.0112 0.0526 -0.1167 0.0138 -0.017 0.0109 0.008 -0.0906 -0.0124
"146" -0.4646 -0.0901 0.0275 -0.0127 -0.1329 0.0345 -0.1296 -0.0698 0.0577 0.0013 -0.0019
"147" -0.261 0.0323 -0.1489 0.0126 -0.0863 0.0162 0.0218 -0.1603 -0.0198 0.0665 0.0884
"148" 1.386 0.124 0.0715 -0.0907 -0.0412 0.0716 0.1016 -0.0064 0.0088 -0.0211 0.0296
"149" 0.076 -0.1223 0.0296 0.0277 -0.1635 0.0323 -0.1022 -0.0587 0.0297 -0.0307 -0.0279
"150" -1.7049 0.0139 0.0097 -0.0651 -0.1217 0.0608 -0.0664 -0.1589 0.0335 0.0623 0.0477
"151" 0.1345 -0.0885 8e-04 -0.0149 0.1147 -0.0655 -0.1 0.0328 -0.023 0.0498 -0.0681
"152" -1.7651 0.0612 -0.0269 -0.0884 0.0382 0.003 -0.0042 -0.0287 0.0052 0.0588 0.0178
"153" -1.0818 -0.0027 0.0731 0.069 -0.2958 0.1255 0.1302 -0.1367 0.0318 -0.1414 0.0732
"154" 1.9641 0.1569 -0.0108 -0.0247 -0.0527 0.0733 0.0747 -0.0916 0.045 -0.0078 0.1124
"155" 0.5521 0.0526 0.1202 -0.0438 -0.0114 0.0224 -0.0161 0.0814 0.0437 -0.0174 -0.0351
"156" 0.316 0.0154 0.0661 -0.0071 0.2285 -0.0891 -0.0863 0.2917 0.0176 0.0195 -0.1438
"157" -1.8574 0.0032 -0.0027 -0.0553 0.0147 0.003 0.0173 -0.0407 0.0296 -0.0138 0.0449
"158" 3.6779 -0.0297 0.0045 0.0323 0.0268 -0.0216 -0.0029 0.0237 0.0097 -0.0065 -0.0293
"159" 1.1126 -0.1074 -0.0177 0.0375 0.0956 -0.0711 -0.0513 0.0224 -0.0125 0.009 -0.0444
"160" 0.5701 -0.1059 -0.0206 0.0357 -0.0303 -0.0048 0.0141 -0.0755 -0.0257 -0.0043 -0.0217
"161" 0.019 -0.0022 -0.0474 -0.0281 -0.0724 0.0459 0.0283 -0.1662 -0.0191 -0.03 0.0888
"162" 0.6749 -0.0052 -0.0326 0.0261 0.0062 -0.0149 0.0114 -0.0362 -0.0377 0.0427 -0.0141
"163" -0.1839 0.0942 0.1312 -0.0359 -0.071 0.0752 0.0753 -0.0011 0.0417 -0.0446 0.0281
"164" -1.4225 0.0182 -0.0348 0.0228 -0.154 0.0588 0.0604 -0.1308 -0.0078 -0.0078 0.088
"165" -0.4514 -0.0754 0.1479 -0.0609 -0.0332 0.0261 -0.1107 -0.0558 0.0139 -0.0092 -0.0205
"166" 0.7178 0.0426 -0.0161 0.0317 0.0845 -0.0207 0.1009 0.1468 -0.007 -0.0695 -0.0285
"167" -0.9393 -0.2239 0.0936 0.1236 -0.1743 0.0143 -0.0984 0.0344 0.0377 -0.0982 -0.1274
"168" 0.8868 0.0543 0.0677 0.0391 0.1115 -0.0426 0.0333 0.1951 0.0255 -0.0215 -0.038
"169" 2.0785 -0.0133 -0.0914 -0.0555 -0.0424 0.0051 -0.03 -0.1216 -0.0059 0.036 0.0623
"170" -0.8996 0.0635 -0.1324 0.031 -0.1026 0.0474 0.1234 -0.1103 -0.004 -0.0452 0.0957
"171" -0.8203 0.0982 -0.0231 -0.0964 0.0977 -0.0048 -0.0049 0.0088 0.0222 0.0579 -0.0102
"172" -0.3459 0.0936 0.0985 -0.1241 -0.0947 0.0996 0.0676 -0.1176 0.0199 -0.0306 0.0559
"173" 0.2315 -0.0203 -0.0476 -0.0284 0.0212 -0.0211 -0.0604 0.0113 -0.0516 0.0788 -0.0285
"174" 1.1531 0.1152 -0.1165 0.02 0.054 -0.0197 0.0027 0.0198 0.0041 0.0658 0.0763
"175" -1.4734 0.0871 -0.0656 -3e-04 -0.0406 0.0246 -0.0252 0.0139 0.0387 0.0528 -0.0133
"176" 1.3561 0.1359 -0.1171 0.0632 -0.0539 0.0345 0.111 -0.0059 -0.0565 -0.008 0.1201
"177" -1.6837 -0.0122 -0.0697 0.0907 -0.1165 0.019 0.0156 -0.0106 -0.0032 -0.0457 0.0206
"178" 0.1658 0.0552 -0.0654 0.0093 0.0828 -0.0227 0.0661 0.0022 -0.0018 -0.0062 0.0507
"179" 0.1755 0.0177 -0.0422 -0.0611 -0.0076 0.002 -0.0362 -0.0976 0.0148 0.044 0.0509
"180" 1.5874 -0.0587 0.0255 -0.0295 0.0171 -0.0252 -0.1021 0.0349 0.0129 0.0017 -0.0295
"181" 0.0994 0.0978 0.0028 -0.0169 -0.0434 0.0499 0.09 -0.0151 0.0098 -0.0391 0.0561
"182" -0.5022 0.2097 -0.0589 -0.0569 0.0736 0.03 0.1286 -0.0634 -0.0472 0.0738 0.0824
"183" -0.0456 -0.0782 -0.1717 -0.0036 0.0227 -0.0481 -0.0973 -0.0872 -0.0709 0.088 0.0281
"184" -1.4202 -0.0612 -0.0437 0.0172 0.0815 -0.0627 -0.0361 0.081 -0.0116 0.002 -0.0355
"185" 1.5122 0.0595 0.0477 -0.0204 0.0018 0.0108 0.001 0.0046 0.0139 0.033 0.004
"186" 2.5905 0.069 -0.0543 -0.017 0.0384 0.0152 0.1019 -0.0855 -0.056 -0.0077 0.0664
"187" -0.2047 -0.071 0.1125 -0.0023 -0.1851 0.0765 -0.0267 -0.142 -0.0024 -0.039 0.0244
"188" -0.2732 0.0772 -0.0458 -0.0124 0.1271 -0.0397 0.0045 -0.0036 -0.0217 0.0537 0.0411
"189" 1.4487 0.0511 0.0497 -0.0315 0.0641 -0.003 9e-04 0.0143 -0.017 0.0217 0.0278
"190" -0.9169 -0.0391 -0.014 0.0402 -0.0511 0.0103 0.0428 -0.0717 -0.043 -0.003 0.007
"191" -0.0485 0.0638 -0.0786 -0.0012 0.0976 -0.049 0.0079 0.0655 -0.0061 0.0638 0.0025
"192" 1.9151 -0.0268 0.0933 -6e-04 0.0771 -0.0112 -0.0285 0.0343 -0.0144 -0.0115 -0.0542
"193" 0.0331 0.1044 -0.0629 -0.0447 0.0128 0.0263 0.1336 -0.0926 -0.0789 0.043 0.0795
"194" 0.6894 0.0789 -0.0401 -0.0356 -0.0488 0.049 0.0486 -0.0694 -0.0082 -0.0074 0.0573
"195" -2.2832 0.1184 -0.1513 0.003 -0.0295 0.0247 0.0605 -0.0875 -0.0287 0.0608 0.1088
"196" 1.0717 -0.03 -0.0259 -0.0044 -0.0498 0.0186 0.0257 -0.0357 -0.0171 -0.0208 -0.0261
"197" -0.1981 -0.0297 0.0655 -0.0305 -0.1191 0.0779 -0.0059 -0.1752 -0.0301 -0.0326 0.0208
"198" -0.6309 -0.094 0.0886 -0.0032 -0.0826 0.0414 -0.0239 -0.0692 -0.0102 -0.0712 -0.0252
"199" -0.5895 -0.1493 -0.0776 0.1053 -0.2142 0.0435 -0.015 -0.1792 -0.0044 -0.0547 0.0467
"200" 0.4949 0.0175 0.0587 -0.0049 0.1085 -0.0515 -0.0098 0.1447 -0.0067 0.0332 -0.0716
"201" 0.9682 -0.051 0.0384 0.0158 -0.0457 0.0043 -0.0155 0.0504 0.0195 -0.0597 -0.0161
"202" 0.2074 0.0831 0.0034 -0.0308 -0.0322 0.0271 0.0608 -0.0696 -0.0089 0.0256 0.0843
"203" -1.4721 -0.1082 0.1156 -0.0199 -0.0177 0.0085 -0.0763 0.0335 -0.0203 -0.0349 -0.1032
"204" 1.2925 0.0686 -0.0104 -0.0689 0.0082 0.0279 -0.0153 -0.1202 -0.0224 0.0956 0.0375
"205" -0.5203 -0.136 0.0566 0.0342 -0.1609 0.0387 -0.0329 -0.0909 0.0368 -0.0675 -0.0388
"206" 1.0318 -0.0312 0.0784 0.0177 0.0651 -0.0319 0.0313 0.0753 -3e-04 -0.0402 -0.0238
"207" -0.3125 -0.0732 -0.0094 0.083 0.0238 -0.0518 -0.012 0.1628 -0.0021 -0.0567 -0.08
"208" 0.0818 -0.0771 -0.1296 0.0484 0.0551 -0.0519 -0.0133 -0.0294 -0.0507 0.04 -0.0165
"209" -2.5936 0.0882 0.0545 -0.0598 -0.0403 0.0568 0.1012 -0.1027 0.008 -0.0413 0.1157
"210" 1.5432 0.07 0.0289 -0.0133 -0.0306 0.0432 0.0631 0.0089 0.0214 -0.0515 0.0052
"211" 0.7523 0.0306 -0.0917 0.0537 0.0815 -0.0518 -0.0147 0.0465 -0.0456 0.089 5e-04
"212" -1.186 0.007 0.0405 0.0471 -0.0369 0.0112 0.0224 -0.0637 0.0316 -0.0324 0.0512
"213" -1.22 0.0343 0.0416 0.0402 0.0121 0.0038 -0.0287 0.1349 0.0127 -0.0469 -0.0467
"214" 1.4113 0.0715 0.1124 -0.0644 0.2138 -0.0636 -0.022 0.251 0.0668 0.0082 -0.0781
"215" -0.7878 0.2089 -0.1597 -0.0561 0.0737 -2e-04 0.1181 -0.054 -0.0683 0.101 0.1144
"216" 1.1735 0.0142 -0.0319 0.0091 -0.0449 0.0294 0.0084 -0.0773 -0.0082 0.0493 -0.005
"217" -0.1379 0.0203 0.0306 -0.0286 -0.0619 0.0461 0.0393 -0.1524 -0.0228 0.03 0.0302
"218" -1.2291 -0.0567 0.0355 -0.0236 -0.0735 0.0255 -0.023 -0.1036 -0.0029 0.0034 0.0132
"219" -1.1042 -0.1577 0.0053 0.0413 0.0233 -0.0706 -0.1223 0.0619 0.0242 -0.0148 -0.0449
"220" -0.3161 -0.093 -0.066 0.0766 -0.0808 -0.0038 -0.0546 -0.0464 -0.0531 -0.04 0.0333
"221" 1.7783 0.1655 -0.2263 -0.021 0.1956 -0.0859 -0.0319 0.1011 -0.0228 0.1597 0.042
"222" 1.4439 -0.019 -0.0801 -0.057 -0.0977 0.0395 -0.0817 -0.1729 0.0383 0.0637 0.0547
"223" 1.6319 -0.1447 -0.0344 0.0442 0.01 -0.0347 -0.0718 -0.0139 -0.0218 -0.029 -0.0494
"224" 0.8917 -0.0805 -0.0923 0.0796 0.0589 -0.0675 -0.0505 0.0614 0.0135 -0.0153 -0.0031
"225" -0.0416 -0.0167 -0.0149 -0.0522 -0.0101 -0.0105 0.012 -0.0103 0.0014 0.016 0.0154
"226" -0.3976 0.0326 -0.1156 -0.0255 0.0997 -0.0445 0.0211 -0.0588 0.0163 0.0668 0.0396
"227" 0.75 0.0741 0.0337 -0.0234 -0.0284 0.0226 0.0083 0.0104 -0.015 0.0208 0.0229
"228" -0.3508 0.0258 -0.0206 0.0216 -0.0541 0.03 0.0533 -0.0421 -0.0256 0.0072 0.0055
"229" -0.0686 -0.0323 -0.0165 0.0642 0.0257 -0.0396 0.0028 0.0344 0.014 -0.0075 0.0225
"230" -0.512 0.0345 -0.029 0.0389 -0.0149 0.0218 0.0315 -0.0304 0.0052 -0.0244 0.0452
"231" 1.6067 0.0882 0.0012 0.0092 -0.0875 0.0688 0.0873 -0.0652 0.0242 -0.0636 0.0809
"232" -0.212 0.0185 -0.1295 3e-04 -0.0458 0.0012 -0.0299 -0.0491 0.0056 0.0816 0.0486
"233" 1.5725 1e-04 -0.0214 -0.0052 0.02 -0.0156 -0.0232 0.0531 0.0217 0.003 -0.019
"234" 0.1977 0.0299 0.1176 -0.0452 -0.012 0.0435 0.073 -0.0059 -0.0076 -0.0377 -0.0459
"235" 0.3279 -0.0299 -0.0321 -0.0439 0.0097 -0.022 -0.0748 -0.034 -0.0126 0.0602 -0.009
"236" 0.6788 -0.0374 0.1033 0.0404 -0.1269 0.0543 0.0227 0.0392 0.0503 -0.0778 -0.074
"237" 1.0816 0.0022 0.0934 -0.052 -0.0429 0.0495 -0.0269 -0.0294 0.0198 -0.0136 -0.0336
"238" 0.2342 -0.076 0.0916 -0.0429 0.0097 -0.0013 -0.0154 0.0198 0.0483 -0.046 -0.0567
"239" -1.128 -0.1428 -0.1278 0.1143 -0.0295 -0.0766 -0.0839 0.0702 0.0018 0.0145 -0.0587
"240" 0.6374 -0.2061 -0.0055 0.0112 0.0317 -0.0641 -0.1588 0.047 -0.0145 0.0241 -0.1516
"241" 0.2717 0.1599 -0.0102 -0.0834 0.0626 0.0133 0.1338 -0.0502 -0.0211 0.0247 0.1187
"242" -0.5652 0.0226 -0.0975 0.0986 -0.121 0.0232 -0.0148 -0.0158 0.0417 0.0184 0.017
"243" 0.3213 0.0318 -0.0716 -0.0175 -0.0997 0.0438 0.0066 -0.1905 -0.0237 0.0803 0.0848
"244" -0.1344 0.0445 -0.1263 -0.0262 -0.0644 0.0145 0.0209 -0.0904 -0.0434 0.0655 0.0597
"245" -1.4792 -0.0958 -0.0146 0.0717 0.053 -0.0517 -0.0804 0.1335 0.0414 -0.0198 -0.1196
"246" 0.3399 0.0063 -0.0511 0.052 -0.1635 0.0645 0.1059 -0.0781 0.031 -0.0853 0.0722
"247" -1.4288 -0.0739 0.0698 0.0243 -0.0339 -0.0115 -0.0047 0.0906 0.035 -0.0583 -0.0557
"248" 0.3956 -0.1018 -0.0121 0.0348 -0.0583 -0.0057 -0.0765 0.0326 -0.0426 -0.0446 -0.0318
"249" 0.6285 0.0539 0.151 -0.0408 0.081 0.0076 0.0447 0.0779 0.0175 -0.0569 -0.0173
"250" -0.7872 0.0211 0.0205 -0.0432 -0.0676 0.0266 -0.0498 -0.0073 0.0779 0.0332 -0.0295
"251" -1.5638 0.0206 -0.0067 0.082 -0.1649 0.0774 0.104 -0.129 -0.0149 -0.0586 0.0544
"252" -0.9007 0.0615 -0.1314 0.0805 0.0452 -0.0322 0.0429 0.0264 -0.0177 0.0449 0.036
"253" -0.9515 -0.1552 0.0278 0.0553 -0.1966 0.0387 -0.1118 -0.0118 0.0136 -0.0796 -0.0606
"254" 1.1161 0.0061 -0.0056 0.078 0.0142 -0.0158 0.0076 0.0738 0.0161 -0.0252 -0.0093
"255" -0.8733 -0.0197 0.0488 -0.0155 -0.0824 0.0418 -0.0517 -0.0028 0.0114 -0.0257 -0.0202
"256" 0.8467 -0.0114 0.0035 -0.0355 0.1447 -0.0658 -0.1064 0.1344 -0.0057 0.0501 -0.0936
"257" 1.1503 0.1831 0.0738 -0.0783 0.0391 0.051 0.1992 -0.0108 -0.0278 -0.0575 0.1081
"258" -0.6856 -0.0178 -0.0017 0.0304 0.0175 -0.0207 0.0749 0.0257 -0.0335 -0.0335 0.0184
"259" 0.011 0.114 0.1321 0.0035 -0.0963 0.0931 0.1086 -0.0048 0.0349 -0.0996 0.0485
"260" 0.325 -0.0313 0.0276 -0.0299 0.0964 -0.0522 0.0091 0.0575 -0.0456 0.0196 -0.0265
"261" 0.8285 -0.0993 -0.0152 0.0911 -0.0757 -0.0228 -0.1686 0.0532 0.0244 0.038 -0.076
"262" 0.2361 0.0062 0.0049 0.0696 -0.0403 -0.0024 -0.0292 0.108 0.0284 -0.0144 -0.0285
"263" 0.2933 -0.1684 0.0259 0.0113 -0.0983 0.0068 -0.0684 -0.0529 -0.0093 -0.0484 -0.0664
"264" -0.4112 -0.1393 0.0128 -0.013 0.0279 -0.0435 -0.1604 0.0422 0.0058 0.022 -0.0729
"265" -1.4961 0.059 0.0967 -0.1074 0.1427 -0.0431 -0.115 0.1535 0.0069 0.1173 -0.108
"266" 1.2581 0.1478 0.0249 -0.0265 -0.0306 0.058 0.0739 -0.0348 0.0421 -0.0105 0.0804
"267" 0.2683 -0.0463 -0.0532 0.0422 0.055 -0.0325 -0.0791 0.0763 0.0148 0.0093 -0.0666
"268" -0.2357 -0.0596 0.0448 0.0063 -0.0539 0.0312 0.1081 -0.0435 -0.0146 -0.1177 0.0108
"269" 0.2161 -0.068 0.002 0.0059 -0.0209 -1e-04 -0.026 -0.0726 -0.0079 -0.0255 0.0213
"270" -0.7399 0.0602 -0.0588 -0.0081 -0.0398 0.0216 0.0323 -0.0906 -0.006 0.0331 0.0735
"271" 0.3226 -0.0254 0.0132 0.0091 -0.0573 0.0268 0.0294 -0.0945 0.0319 -0.0413 0.0662
"272" 1.439 0.0822 0.0608 -0.0215 -0.0169 0.0402 0.0442 -0.0222 0.0059 0.0208 0.0064
"273" 1.45 0.2566 0.0538 -0.1132 0.1582 0.0028 0.0794 0.0689 0.013 0.0903 0.0394
"274" 1.7135 0.0933 0.0464 -0.0111 0.0688 -0.0051 0.0086 0.0215 -0.0431 0.0525 -0.0058
"275" -1.4634 -0.0354 -0.0697 -0.0184 0.0027 -0.0123 -0.0576 -0.068 -0.0071 0.0315 0.0258
"276" 0.817 0.0599 -0.0397 -0.0371 0.0516 -0.0031 0.0552 -0.0217 0.0247 0.0322 -2e-04
"277" -1.1968 -0.0666 -0.091 0.0026 0.1166 -0.0851 -0.0789 0.0426 -0.0109 0.0515 0.0027
"278" 2.0151 0.1043 0.0649 -0.0158 0.1239 -0.0319 -0.0149 0.1155 0.0133 0.0495 0.0078
"279" 1.1292 0.0178 0.0093 0.0866 0.0112 -0.0281 -0.0552 0.1451 0.0117 0.0124 -0.0257
"280" -2.5161 -0.0934 -0.0155 -0.0297 -0.0068 0.003 -0.0658 -0.0204 -0.0214 0.0154 -0.0686
"281" 0.6735 -0.0435 0.0235 0.0123 -0.101 0.0277 -0.0271 -0.0542 0.0379 -0.0189 0.0013
"282" 1.3911 -0.2028 -0.0161 0.0335 -0.0257 -0.0448 -0.0712 -0.0377 -0.0178 -0.0383 -0.0556
"283" 0.7775 0.1569 -0.0137 0.0169 -0.086 0.0677 0.1561 -0.0371 0.0043 -0.063 0.1171
"284" 0.5246 -0.0686 -0.012 0.0193 -0.0362 -0.0089 -0.0553 -0.0154 0.0172 -0.0039 -5e-04
"285" 0.9051 0.1672 -0.0644 -0.0129 0.0316 0.0311 0.0593 -0.0621 -0.0176 0.0558 0.0571
"286" 1.3596 0.061 -0.0766 0.031 0.1017 -0.0546 0.0896 0.0727 2e-04 0.0116 0.0167
"287" 0.2611 0.1751 -0.0353 -0.0706 0.1604 -0.0288 0.0943 -0.0079 -0.0543 0.099 0.0906
"288" -0.2501 -0.1446 0.0538 0.071 -0.1335 0.0062 -0.1031 0.0226 0.0431 -0.0357 -0.0542
"289" 1.2863 -0.1182 -0.1408 0.0987 -0.0795 -0.0252 -0.0829 -0.0702 -0.0318 0.0284 -0.0119
"290" -1.4018 0.1073 -0.0431 0.0067 -0.1965 0.1081 0.1478 -0.1156 0.0167 -0.093 0.1246
"291" 2.0247 0.0325 0.082 -0.0355 0.0631 0.0057 0.004 0.0957 0.0563 -0.0592 -0.0492
"292" -2.2828 -0.2042 0.0757 0.0335 -0.1828 0.0375 -0.0893 -0.053 -2e-04 -0.091 -0.0723
"293" -1.5771 0.0184 -0.0705 -0.0238 -0.0768 0.0346 0.0182 -0.163 0.0033 0.0099 0.1098
"294" -1.4927 -0.0739 -0.0368 -0.0343 0.0328 -0.0402 -0.1251 0.0195 -0.03 0.0503 -0.0247
"295" -0.5277 0.006 -0.1581 -0.0232 0.0779 -0.042 -0.0462 -0.042 -0.0257 0.0803 0.0579
"296" -0.8612 0.0595 -0.1344 -0.0279 0.0482 -0.0215 0.0544 -0.1176 -0.0492 0.0914 0.0549
"297" 1.9944 0.0163 -0.0862 -0.0824 -0.0907 0.0352 -0.0565 -0.1586 -0.0357 0.0873 0.0422
"298" -0.625 -0.0467 0.2133 -0.0199 -0.0109 0.0192 -0.0599 0.0872 0.0577 -0.0665 -0.0876
"299" 1.4059 0.1047 0.0342 -0.0166 0.1087 -0.0222 0.0573 0.1444 0.0101 0.0025 -0.0142
"300" -2.019 -0.0966 -0.0298 0.0326 -0.018 -0.03 -0.0909 -0.0049 0.0311 0.0039 -0.017
"301" 0.0231 -0.0205 -0.007 -0.0024 0.0107 0.0072 0.1179 -0.1214 -0.0067 -0.0354 0.048
"302" -0.7046 0.1174 -0.0288 -0.0046 0.1018 -0.0316 0.0891 0.081 -0.0117 0.0186 0.0562
"303" 2.8283 0.0084 0.1585 -0.0325 -0.0063 0.0648 0.0733 -0.0215 0.0028 -0.0829 -0.0411
"304" -0.9769 0.1373 -0.1706 -0.0688 0.0388 0.0013 0.1042 -0.0946 -0.0164 0.0813 0.1035
"305" -1.4137 -0.0735 -0.0563 0.0174 -0.1122 0.0288 -0.0106 -0.1787 0.0158 0.0057 0.029
"306" 0.0147 0.1551 -0.006 0.032 -0.0606 0.0297 0.092 0.0543 0.0331 -0.018 0.1029
"307" -1.0277 0.0476 -0.1279 -0.0289 0.1099 -0.0622 -0.0017 0.0179 -0.0046 0.0685 0.0638
"308" -0.0279 0.1551 -0.1003 0.0289 -0.0035 0.0115 0.1222 -0.063 -0.0451 0.0646 0.1112
"309" 3.1346 0.1544 -0.0096 -0.0251 0.0251 0.0093 0.1143 0.0175 -0.026 -4e-04 0.1005
"310" -0.0537 0.0567 0.0087 -0.0509 -0.094 0.0732 0.047 -0.1375 0.0036 -0.0137 0.0875
"311" -0.0539 -0.0342 -0.0839 0.0116 0.0472 -0.0383 -0.0054 0.026 0.0269 -0.0309 -0.0117
"312" -0.6607 0.0281 0.0946 -0.0368 0.0502 0.0055 -0.0248 0.056 0.0179 0.0422 -0.0651
"313" 2.9564 0.1116 -0.0512 0.0016 0.2283 -0.08 0.0564 0.1469 -0.0474 0.0509 -0.0098
"314" -0.5403 0.0617 0.0035 -0.0765 0.1058 -0.0234 0.0295 0.0562 -0.0104 0.0306 0.0257
"315" -0.072 -0.0648 -0.0759 -0.0059 -0.266 0.0937 -0.0473 -0.2809 0.0025 0.0148 0.074
"316" -3.0785 -0.0401 0.0828 -0.0615 0.0594 0.0083 -0.0312 -0.1002 -0.0179 0.0236 -0.0204
"317" -0.5393 -0.0409 0.0276 0.0517 -0.0698 -0.0068 -0.0923 0.0417 0.0298 -0.003 -0.0115
"318" -1.7068 -0.0264 -0.065 -0.0062 0.0292 -0.0248 -0.0175 -0.0657 -0.0215 0.0721 -0.0174
"319" 1.5949 -0.07 -0.174 0.1121 -0.0282 -0.0323 -0.0734 -0.0554 -0.0338 0.0373 0.0247
"320" -0.0548 -0.0926 0.0944 -0.0024 -0.0097 -9e-04 -0.0881 0.0851 0.0436 -0.0615 -0.1074
"321" 0.5331 0.0772 0.0632 0.0111 0.0848 -0.0141 0.0297 0.1275 0.0275 -0.0243 -0.02
"322" 0.3147 0.0538 -0.0887 -0.0101 0.0601 -0.0235 0.0258 -0.0218 -0.046 0.043 0.0606
"323" -0.6065 -0.0635 0.0646 -0.0234 -0.1048 0.032 -0.1321 -0.0554 0.0508 0.0065 -0.0193
"324" -1.2859 0.0342 0.0239 -0.0038 0.0313 -0.0017 -0.0243 0.041 -0.0386 0.0361 -0.0301
"325" 1.6103 -0.1227 0.0106 -0.0262 -0.2523 0.093 0.0024 -0.2331 0.0217 -0.0926 0.0849
"326" 1.3881 -0.0416 -0.0234 0.0073 -0.0479 -0.0077 -0.0625 -0.0156 -0.0189 0.0658 -0.005
"327" 0.5555 0.0645 -0.0988 -0.0045 0.1137 -0.0536 -0.0237 0.0917 -0.0215 0.109 -0.0461
"328" -2.5933 -0.0562 0.0178 0.0364 -0.0805 0.02 -0.0772 -0.0371 0.022 -0.0392 0.0485
"329" 2.053 0.0731 0.0868 -0.0084 0.1679 -0.0413 0.0064 0.1407 0.0088 0.017 -0.0199
"330" 0.2691 0.0245 -0.115 0.018 0.1608 -0.068 0.0873 0.0265 -0.0466 0.0202 0.0305
"331" 0.4141 0.0162 0.0274 -0.0841 0.0076 0.0258 0.0434 -0.0088 0.0051 -0.0304 -0.0013
"332" 0.1694 0.0293 0.1468 -0.1367 0.0177 0.0449 0.031 -0.0285 0.0234 -0.0136 -0.013
"333" -1.7744 -0.1368 -0.0496 0.0515 -0.1291 -3e-04 -0.0621 -0.0857 0.0113 -0.0387 0.0157
"334" -0.0645 0.0653 0.0681 -0.0028 0.021 0.0258 0.0428 0.0399 0.0065 -0.0174 -0.035
"335" -0.0503 -0.051 0.0297 -0.0185 -0.112 0.0515 0.0258 -0.0929 0.005 -0.0685 0.0436
"336" -1.4984 0.0788 0.1134 -0.0201 0.0449 0.0108 -0.0026 0.1495 0.0527 0.0032 -0.0751
"337" -1.8739 -0.0442 -0.0741 -0.0156 -0.1073 0.0093 0.0431 -0.1335 8e-04 0.0143 0.0681
"338" 0.3685 -0.0035 0.1051 0.0337 0.1439 -0.0456 -0.0762 0.1956 0.0642 -0.0185 -0.1129
"339" 1.8654 -0.0285 0.0117 0.0821 0.0031 -0.0188 0.0619 0.0274 -0.0173 -0.062 0.037
"340" 2.6651 0.0464 -0.0501 0.0225 0.0246 -0.0185 0.0513 -0.0904 -0.0175 0.0451 0.0984
"341" 0.2893 0.073 -0.116 0.0176 0.1594 -0.0672 0.0086 0.0382 -0.0314 0.089 0.0206
"342" 0.8005 0.164 -0.153 0.0247 0.2563 -0.0994 0.1019 0.1694 -0.0416 0.1039 -0.0126
"343" -0.8812 -0.0972 -0.0782 0.0482 0.0484 -0.0594 -0.0026 0.0067 -0.0157 -0.0463 0.0279
"344" -0.0226 0.0544 0.0591 -0.0331 0.0211 0.0185 0.0413 -0.0224 -0.0058 -0.0257 0.0221
"345" -0.2421 0.1024 0.0039 -0.0766 -0.0501 0.0683 0.004 -0.1145 0.002 0.0511 0.0752
"346" -1.8616 -0.0883 -0.0349 0.0267 -0.1679 0.0458 -0.0593 -0.1737 4e-04 0.0212 0.0408
"347" 0.3098 -0.0515 -0.1075 0.1032 0.1104 -0.097 -0.0281 0.1734 -0.0208 0.024 -0.0647
"348" -1.1171 0.0107 -0.0368 -0.0101 -0.0185 0.0115 0.0382 -0.043 -0.0311 0.0019 0.0238
"349" -0.5566 -0.1044 -0.0054 0.0533 0.1005 -0.0799 -0.1024 0.0879 -0.0395 0.0179 -0.1033
"350" -1.7751 0.0967 0.0346 -0.0655 -0.1084 0.0898 0.0367 -0.1199 0.0123 -0.0162 0.0942
"351" -1.2571 0.0047 0.0626 -0.043 0.0037 0.0194 -0.0767 0.0375 0.0547 -0.0049 -0.0238
"352" 1.1793 0.2183 -0.0994 -0.0644 0.0614 0.0268 0.2047 -0.0722 -0.0594 0.0377 0.131
"353" -0.0745 -0.0395 0.0667 0.0194 -0.139 0.0533 -0.0658 -0.0184 0.0365 -0.0585 0.0014
"354" 0.9687 0.127 0.0327 -0.0154 0.0458 0.0063 0.0629 0.0891 0.0017 0.0185 6e-04
"355" 0.6717 0.0534 0.1862 -0.0649 0.1097 -0.0162 0.0104 0.1191 0.0239 -0.0032 -0.0442
"356" 0.6548 0.0852 -0.0645 0.0113 0.1122 -0.041 0.0489 -0.0024 -0.0692 0.0755 0.0712
"357" -0.0231 0.1613 -0.1001 0.0038 0.0061 0.0181 0.1078 -0.0584 -0.0312 0.0625 0.0914
"358" -0.6022 0.0603 -0.0699 0.0537 0.0154 4e-04 0.1999 -0.0573 -0.0477 -0.0424 0.0917
"359" -0.8259 -0.1385 0.0509 -0.0517 -0.1034 0.0396 -0.0505 -0.1915 0.0085 -0.0325 -0.0033
"360" 0.7462 0.0771 0.1374 -0.075 0.0316 0.0308 0.0259 0.0702 0.0143 -0.0056 -0.0591
"361" -0.8513 -0.1198 0.0555 0.0455 -0.0337 -0.0106 -0.0514 -0.0215 0.0144 -0.016 -0.0644
"362" -0.074 -0.0779 0.0444 0.0595 -0.1555 0.0546 -0.0813 -0.0263 0.0283 -0.0269 -0.0532
"363" -0.7723 0.1563 -0.1367 -0.046 0.1972 -0.0669 0.0241 0.0855 -0.0091 0.1 0.0434
"364" -0.2237 0.1108 0.0846 0.0264 0.0337 0.0252 0.0359 0.0866 -0.0265 -0.0302 -0.018
"365" 1.0552 0.0569 -0.0426 -0.0324 -0.0467 0.0339 0.028 -0.0276 -0.0123 0.0332 0.0108
"366" -0.0758 -0.0826 -0.0742 0.1455 0.0378 -0.0758 -0.1065 0.1175 0.013 0.0076 -0.0517
"367" -1.4913 0.0615 0.1034 -0.1362 -0.0215 0.074 0.0454 -0.0607 0.0211 -0.0261 -0.0191
"368" -1.8578 0.0015 -0.0334 -0.0787 0.0246 7e-04 -0.0426 -0.0617 -0.0189 0.0545 0.0247
"369" -0.9743 -0.0672 -0.0021 0.0358 -0.1156 0.0251 -0.0425 0.008 0.0212 -0.0407 -0.0178
"370" -0.222 0.0283 0.1179 -0.0839 0.0118 0.0365 0.0819 0.0814 0.0139 -0.0752 -0.0372
"371" -0.2141 -0.0825 -0.1045 0.0314 -0.0984 0.023 0.0075 -0.1659 -0.0523 -0.0089 0.0433
"372" 0.2471 -0.1104 0.0106 0.0792 0.0037 -0.0404 -0.0896 0.0482 -0.0075 -0.0155 -0.0707
"373" -0.3297 0.0906 -0.0511 -0.0164 0.1092 -0.0255 0.0336 -0.0058 0.0055 0.0701 0.0236
"374" 1.1245 -0.0454 -0.0931 0.0558 0.0298 -0.0561 -0.0393 0.1213 0.0163 -0.0246 0.0192
"375" -0.5569 -0.1009 0.0449 0.0635 -0.0319 0.0044 -0.0665 0.0069 0.0117 -0.0564 -0.0756
"376" -1.8301 -0.0329 0.0497 0.0049 -0.006 0.011 -0.0474 -0.0344 -0.0067 0.0013 -0.0145
"377" 0.2115 -0.0039 0.0898 -0.1053 -0.0063 0.0235 -0.1001 -0.0503 0.0272 0.0295 -0.0169
"378" 0.3429 -0.0852 0.0315 0.0558 0.0045 -0.0233 -0.0348 0.092 0.0293 -0.0614 -0.0737
"379" -0.8948 -0.1483 -0.0903 0.0565 -0.1838 0.0354 -0.07 -0.2503 -0.006 0.0087 0.0326
"380" 0.2354 -0.0133 -0.0076 0.0653 0.0759 -0.0377 0.018 0.1096 -0.0167 -0.0214 -0.063
"381" -1.7452 -0.0562 0.0906 0.0076 -0.0682 0.0332 0.0308 -0.0278 0.0374 -0.0682 -0.004
"382" -0.9065 -0.0349 -0.083 0.0489 0.1087 -0.0699 0.049 0.0272 0.0035 -0.0025 -0.0027
"383" -0.6097 -0.0807 -0.0755 0.0361 0.0268 -0.0341 0.0056 -0.002 -0.0279 -0.0253 3e-04
"384" 0.051 0.0596 0.1698 -0.0861 -0.1241 0.0956 -0.0755 -0.0365 0.044 -2e-04 -0.0107
"385" -1.3462 -0.0936 -0.0667 0.0415 -0.1384 0.019 -0.0365 -0.0836 0.0085 -0.0397 0.0467
"386" 0.3716 0.0376 0.0566 0.0114 -0.0802 0.0705 -0.0152 -0.0657 -0.0261 0.0029 0.0029
"387" 0.1648 -0.0207 0.102 0.0401 0.0515 -0.0407 -0.0321 0.1706 0.0354 -0.0247 -0.0659
"388" -0.0778 -0.065 -0.002 0.0264 -0.083 0.0218 0.012 -0.0669 -0.0283 -0.0428 0.0126
"389" -2.1858 0.0436 0.114 -0.0474 -0.0156 0.0577 0.0597 0.0329 0.0372 -0.083 -0.0319
"390" -2.2661 -0.0263 0.0352 -0.0523 -0.1295 0.0753 0.039 -0.1495 0.0168 -0.0229 -0.0017
"391" -0.7662 -0.0214 -0.0671 0.0126 0.0509 -0.0179 -0.0404 -0.0115 -0.0053 0.0291 -0.0259
"392" 0.8321 0.0831 -0.0894 -0.0295 -0.0261 0.0197 0.0634 -0.0433 -0.0366 0.0379 0.0437
"393" 0.4802 0.0593 -0.0747 0.0371 -0.0129 0.0052 0.0838 -0.0839 -0.0133 0.016 0.0863
"394" 1.4209 0.1023 0.1206 -0.0147 0.0322 0.0157 -0.0017 0.1242 0.0336 -0.012 -0.0177
"395" 0.6301 0.0378 -0.0097 -0.0532 -0.0532 0.0557 0.0639 -0.1273 -0.0177 -0.0481 0.0814
"396" -1.5533 0.0245 -0.0605 0.0275 -0.0149 0.0016 0.0811 0.0092 -0.0218 -0.0329 0.025
"397" -0.0331 -0.0253 0.0401 0.0057 -0.0409 0.0084 -0.09 0.097 0.0411 -0.0172 -0.0682
"398" -0.7059 -0.017 0.0268 -0.0503 0.0522 -0.025 0.0048 -0.0017 0.0331 -0.02 0.0056
"399" -1.155 -0.0333 0.0202 -0.0094 0.12 -0.0589 0.0231 0.1509 0.0046 -0.0316 -0.082
"400" 0.9425 0.0841 0.027 -0.041 0.0432 0.0082 0.012 -0.0293 0.0237 0.0411 0.0046
"401" -1.0609 -0.042 -0.1459 -0.0062 -0.1281 0.0423 -0.0075 -0.1845 -0.0548 0.0353 0.0725
"402" -0.1224 0.0585 -0.0348 -0.02 -0.0037 0.0165 0.1483 -0.0728 -0.0055 -0.0269 0.0852
"403" 0.2163 -0.0866 0.0291 -0.0069 -0.0338 0.0134 -0.0575 -0.1016 -0.0253 0.0189 -0.0184
"404" 1.7826 -0.1881 0.0813 0.038 -0.0327 -0.0351 -0.1593 0.077 0.0366 -0.0358 -0.0936
"405" 0.1431 0.0759 0.0294 -0.0544 -0.0696 0.0646 0.0593 -0.1028 0.0174 -0.0105 0.0381
"406" 3.2672 0.1329 -0.1025 -0.0034 0.2529 -0.0894 0.0758 0.1585 -0.1041 0.1211 -0.0488
"407" -1.3318 -0.0741 0.0747 0.0328 -0.0778 0.0169 1e-04 0.0073 0.0027 -0.0825 -0.0188
"408" -0.3271 -0.0933 0.0685 0.0393 -0.1019 0.024 -0.0517 0.0505 0.033 -0.0538 -0.0845
"409" 0.9393 -0.0728 -0.0373 -0.0339 -0.0018 -0.0116 -0.0389 -0.0807 -0.0292 0.0271 0.0114
"410" -1.2081 -0.033 -0.0697 0.108 -0.1306 0.0111 -0.0228 0.0314 -0.0187 -0.0084 -0.0149
"411" 2.4015 0.1559 -0.1614 -0.0372 0.0098 0.0155 0.1305 -0.133 -0.0097 0.0746 0.1443
"412" 1.6814 0.0608 -0.0406 -0.0306 0.009 0.0036 0.0408 0.0528 -0.0099 -0.0054 0.0107
"413" -0.5722 -0.0814 -0.0907 0.036 -0.0501 -0.0088 0.0139 -0.0424 -0.0075 -0.0159 -0.0097
"414" 0.9399 0.0701 -0.1404 -0.0237 0.045 -0.0155 0.0348 -0.065 -0.0369 0.0633 0.0518
"415" -2.0635 -0.0494 -0.0567 0.0365 -0.0753 0.0077 0.0088 -0.0312 -0.015 -0.0141 -0.0018
"416" -1.2449 -0.0041 -0.0177 0.0137 -0.0012 0.0099 0.0507 0.0143 -5e-04 -0.0241 -0.0334
"417" -1.174 3e-04 -0.0922 0.006 0.1485 -0.0843 -0.0264 0.0943 -0.0039 0.0692 -0.0181
"418" -0.3287 0.0029 0.0492 -0.0091 0.0324 -0.0117 -0.0593 0.0618 -0.0018 0.0147 -0.008
"419" -1.5613 -5e-04 -0.0338 0.0675 0.1149 -0.0863 -0.157 0.1219 0.0023 0.1098 -0.0274
"420" -0.5606 0.0032 -0.005 -0.042 -0.0424 0.0184 -0.0449 -0.0794 0.0087 0.0254 0.0228
"421" 0.2829 0.0532 0.1358 -0.0371 0.1279 -0.0263 -0.0027 0.1171 0.0224 -0.0099 -0.0366
"422" 0.8234 0.0047 -0.1571 -6e-04 -0.0607 0.0151 0.0121 -0.1578 -0.0514 0.0637 0.063
"423" 0.0585 0.1115 0.086 0.0061 -0.0033 0.0458 0.127 0.0158 -0.0061 -0.0528 0.0492
"424" 0.7571 0.0549 0.076 -0.016 0.0488 0.0097 0.0946 0.0306 -0.0222 -0.051 0.0201
"425" 0.0797 -0.1173 -0.0431 0.0614 -0.0982 4e-04 -0.068 -0.0989 -0.0087 0.0114 0.0114
"426" 0.871 0.0562 0.003 0.022 0.044 -0.0076 0.0059 0.015 0.0037 0.0215 0.022
"427" -1.3676 0.0075 -0.0921 -0.0146 -0.1041 0.0366 0.0572 -0.1782 -0.0296 0.0571 0.0566
"428" -0.483 0.0306 0.0677 0.0223 0.067 -0.0451 0.0238 0.1338 -0.0052 8e-04 -0.0152
"429" -1.032 -0.0477 0.0643 0.0835 -0.1315 0.0623 0.062 0.0169 0.0301 -0.1385 -0.0268
"430" -0.1988 -0.0836 -0.0917 0.0014 -0.1125 0.0157 -0.0546 -0.1371 -0.026 0.0297 0.0064
"431" -0.9042 -0.0844 -0.0816 0.0586 -0.2092 0.0401 -0.1248 -0.2373 -0.0189 0.0703 0.0835
"432" -1.2072 -0.0603 -0.0824 0.0371 -0.081 0.0138 -0.0051 -0.1651 -0.0149 0.0189 0.042
"433" 0.0766 -0.0046 -0.0681 0.0674 -0.056 0.0028 0.0246 -0.0535 -0.0315 -0.014 0.0573
"434" -1.0033 -0.0452 0.1477 0.1138 -0.0793 0.0037 -0.0769 0.139 0.0507 -0.0604 -0.0712
"435" 2.3547 0.2041 -0.0548 -0.1174 0.0067 0.0565 0.0697 -0.091 -0.0329 0.0539 0.0915
"436" -1.6844 -0.1527 0.0341 0.0431 -0.1304 0.0271 -0.0222 -0.0635 0.0284 -0.0936 -0.0358
"437" 1.1668 -0.0417 0.0054 0.024 0.1402 -0.0686 -0.0056 0.1359 -0.0122 0.0144 -0.1199
"438" -0.1414 0.1035 -0.0261 0.0536 0.1785 -0.0577 0.1337 0.1509 -0.0079 -0.0551 0.0156
"439" -1.964 -0.0866 0.1455 -0.0727 -0.0241 0.0239 -0.1239 -0.0092 0.0123 -0.0205 -0.0684
"440" 0.5901 0.0609 0.0882 -0.0813 0.0086 0.0528 0.0598 -0.0455 -0.0027 -0.0266 0.007
"441" 1.3668 0.0414 -0.0212 -0.0472 0.1121 -0.0369 0.015 -0.0082 -0.0091 0.0588 0.0343
"442" 0.0045 -0.0529 -0.1337 0.0646 -0.0606 0.0027 0.0481 -0.0522 -0.0183 -0.0625 0.0518
"443" -1.6056 -0.0869 0.0789 0.0986 -0.0629 0.0023 0.0066 0.0441 0.0119 -0.0778 -0.0207
"444" -0.4196 -0.0024 0.0707 -0.0406 0.0415 -0.0108 0.0292 0.0594 0.016 -0.065 0.0324
"445" -0.7131 0.1157 0.0212 -0.086 -0.0116 0.0638 0.0661 -0.065 0.0169 -7e-04 0.0397
"446" -1.8048 0.0152 0.0886 -0.0581 -0.0332 0.0304 -0.0436 0.0161 0.041 0.0071 -0.0277
"447" 1.0622 0.0495 0.1859 -0.0652 0.0328 0.0287 -0.0156 0.0236 0.0295 0.0024 -0.009
"448" -0.643 0.0026 0.0968 -0.0198 -0.0193 0.0068 0.0241 -0.0142 0.0151 0.0121 -0.0144
"449" 0.0804 0.043 -0.0667 -0.0354 0.036 -0.0153 0.0137 -0.015 0.0133 0.0402 0.0232
"450" 0.5621 -0.0871 -0.124 -0.0021 0.0884 -0.0875 -0.0762 0.0015 -0.0237 0.0846 0.0063
"451" 1.3773 0.1773 0.015 -0.0419 0.0664 0.0015 -0.0435 0.107 0.0263 0.1031 -0.0155
"452" 0.0252 -0.1077 -0.0814 0.0737 -0.1196 -0.0215 -0.1394 -0.0449 0.0039 0.0344 0.0216
"453" 2.1331 -0.0164 -0.0863 -0.0033 0.1075 -0.0693 -0.0567 0.0191 -0.0615 0.1088 -0.0137
"454" 2.4363 0.1912 -0.0334 -0.1297 0.3139 -0.0813 0.0392 0.1392 -0.033 0.1256 -0.0067
"455" -0.1925 -0.1226 -0.2041 0.122 0.0296 -0.084 0.0179 -0.0378 -0.045 0.0142 0.0279
"456" -0.6333 -0.0283 -0.0479 0.0116 -0.0057 0.0041 0.1003 -0.0837 -0.0054 -0.0553 0.0551
"457" 1.9728 0.007 -0.0155 -0.0208 -0.0649 0.0388 -0.0157 -0.0646 0.0243 0.0353 -0.0097
"458" 2.4808 0.151 -0.0835 -0.0301 0.0096 0.021 0.112 -0.0762 -0.0164 0.0596 0.0785
"459" -0.5219 -0.0778 0.0339 0.0206 0.1392 -0.0649 0.0646 0.0863 -0.031 -0.0561 -0.0442
"460" -1.0949 -0.0238 0.0086 0.0333 -0.1443 0.0482 -0.023 -0.07 0.0553 -0.0397 0.0393
"461" 1.1259 -0.0415 0.0091 -0.0689 -0.089 0.0368 -0.0232 -0.1279 -0.0512 0.037 0.0103
"462" -0.491 0.0203 0.0438 0.0186 -0.0962 0.0576 0.0258 -0.0213 0.0178 -0.0527 0.0249
"463" -1.5422 0.074 0.0236 -0.0888 -0.0162 0.0502 0.1034 -0.0639 -0.0121 -0.0253 0.0615
"464" 0.2692 0.1685 -0.0627 -0.0605 0.0143 0.039 0.1045 -0.1139 0.0179 0.0265 0.1265
"465" -0.9959 0.0664 0.0014 0.0134 0.1302 -0.0606 0.0667 0.1443 0.0068 0.0381 -0.0369
"466" 0.4449 -0.0066 0.0435 0.0693 -0.0731 0.0202 -0.0224 0.0411 -0.0023 -0.0217 -0.0471
"467" 0.277 0.0027 -0.0044 -0.0309 -0.0122 0.0066 0.0048 -0.0508 -0.0385 0.0292 0.0116
"468" -0.9187 -0.1014 -0.0777 0.0213 -0.077 0.0038 -0.0912 -0.1193 0.0133 0.0028 0.0433
"469" 1.0611 0.031 -0.0677 0.0512 -0.1287 0.0578 0.0716 -0.0904 -0.0085 -0.0588 0.083
"470" 0.2011 0.1362 0.1153 -0.0393 0.0586 0.035 0.0636 -0.0055 0.0047 2e-04 0.0448
"471" -0.0727 -0.077 -0.0272 0.033 -0.0369 0.0022 -0.0129 -0.0344 -0.0121 -0.0613 0.0075
"472" 0.3197 -0.1984 0.0572 0.016 -0.077 -0.0099 -0.1182 -0.0092 0.016 -0.0237 -0.1138
"473" -0.6054 0.0018 0.0222 0.0907 -0.0525 9e-04 0.0015 0.0742 0.0075 -0.0088 -0.0487
"474" 0.947 -0.0676 -0.1322 0.1003 0.0486 -0.0441 0.0103 0.0074 -0.0579 0.0296 -0.0279
"475" -0.9806 0.045 0.0903 0.0072 -0.0419 0.0328 0.0273 0.0529 0.0456 -0.0458 -0.0111
"476" 0.6788 0.0917 -0.0656 -0.0195 0.0949 -0.031 0.0868 -0.0137 -0.012 0.0346 0.1098
"477" -0.0015 -0.001 -0.0853 -0.0699 0.1273 -0.0426 -0.0621 -0.0257 0.0053 0.0494 0.0021
"478" 2.2291 0.035 0.0999 -0.0248 0.0224 0.0182 0.1051 0.0416 -0.0224 -0.0413 -0.0038
"479" 0.6976 0.1072 0.0154 -0.085 0.0864 -0.0141 0.0315 0.0086 0.0162 0.0515 0.0549
"480" -0.7488 0.031 0.0216 -0.0542 -0.0485 0.0437 0.0282 -0.0899 -0.0037 0.0014 0.007
"481" 0.9035 -0.1001 0.0214 0.0626 -0.0174 -0.02 -0.0159 -0.0239 9e-04 -0.0625 6e-04
"482" 0.3872 0.123 -0.0258 -0.029 0.1268 -0.0173 0.0922 0.0019 -0.0125 0.0576 0.0285
"483" 1.5528 0.0248 0.0294 0.0448 0.0706 -0.015 0.0494 0.1255 0.0187 -0.0639 -0.0671
"484" -1.3799 -0.0993 -0.0254 -6e-04 -0.0383 -0.0146 -0.0506 -0.1056 -0.017 0.0154 0.0402
"485" -0.6041 -0.0068 0.0675 -0.003 0.014 0.0027 -0.0326 0.0944 0.0104 -0.0114 -0.0962
"486" 1.0641 0.0402 -0.0418 0.0366 0.0349 -0.0092 0.0903 -0.0088 0.0361 -0.029 0.073
"487" -2.4571 -0.0517 0.0164 0.0457 -0.0394 -0.0147 -0.1097 0.0713 0.0267 -0.0095 -0.0261
"488" -0.6522 0.0266 -0.092 -0.0092 0.0099 -0.0225 -0.0078 0.0624 -0.0214 0.0061 0.015
"489" -0.1019 -0.084 0.0769 0.0464 -0.01 -0.0133 0.0261 0.0571 -0.0192 -0.0736 -0.0693
"490" 0.5369 0.093 -0.0523 0.0082 -0.0529 0.0232 0.0162 -0.0813 0.0159 0.0389 0.0981
"491" -1.4553 -0.0197 -0.0019 -0.057 0.0136 0.0064 0.0414 -0.056 0.0089 0.0216 -0.0311
"492" 0.8546 0.1518 -0.1137 0.0054 0.1612 -0.0356 0.1304 -0.0159 -0.0673 0.0614 0.077
"493" -0.5913 0.0535 -0.0089 0.0611 -0.0888 0.0322 0.0981 0.0073 0.0028 -0.0126 0.0392
"494" -0.1251 -0.0534 -0.0487 -0.0662 0.0499 -0.0259 -0.0293 -0.0411 -0.0498 0.0533 -0.0312
"495" -1.4923 -0.1638 0.0995 0.044 0.025 -0.0396 -0.05 0.0711 0.0298 -0.0861 -0.079
"496" -1.0432 -0.0925 0.1136 0.0481 -0.1528 0.0487 -0.0225 0.013 0.0275 -0.0745 -0.0615
"497" -0.8994 0.033 0.0276 -0.0503 0.0548 -9e-04 0.0182 0.0372 0.009 0.0093 -0.0281
"498" 0.0077 -0.0343 -0.0665 0.0857 -0.0516 -0.0082 0.073 -0.0221 0.0129 -0.0558 0.0282
"499" -0.2723 0.0305 -0.0586 0.0274 0.2038 -0.0891 0.0184 0.1161 -0.0655 0.0519 -0.0226
"500" 0.4737 -0.0452 -0.0083 -0.0127 -0.0968 0.0248 -0.1118 -0.0559 0.0058 0.0338 -0.0011
"501" 0.8652 0.2526 -0.0081 -0.1224 -0.0099 0.077 0.1463 -0.1486 -0.033 0.0911 0.1434
"502" 0.2112 -0.0194 -0.0947 -0.0108 0.1155 -0.0658 -0.0472 0.1 -0.0237 0.0364 -0.0393
"503" -0.4019 0.112 -0.0783 -0.003 -0.0655 0.0359 0.0969 0.0166 -0.0104 0.001 0.0404
"504" -0.7749 -0.0426 0.0923 0.0627 -0.0781 0.0296 0.0373 0.031 0.0096 -0.0875 -0.0174
"505" -1.2145 -0.0891 -0.0915 0.0219 -0.1475 0.0322 1e-04 -0.203 -0.024 -0.0238 0.0963
"506" -1.8104 0.0409 0.0958 -0.0181 0.0407 0.0094 0.0223 0.0599 0.0258 -0.0217 -0.0244
"507" 1.2496 0.1192 -0.0321 0.0011 0.2636 -0.1032 0.0443 0.2 -0.0401 0.0492 -0.0018
"508" -0.4432 0.0518 0.0163 -0.0183 -0.1612 0.0928 0.1136 -0.0905 0.0186 -0.0945 0.0965
"509" -0.1423 0.1462 -0.1157 -0.1096 0.1115 -0.0188 -0.0228 -0.0806 -0.0485 0.1665 0.0998
"510" 1.3759 0.0375 -0.0328 0.0196 0.1728 -0.0734 0.0241 0.0515 -0.0068 0.0486 -0.0019
"511" 1.125 0.0767 0.0628 -0.0565 0.002 0.0304 0.0412 0.0036 0.0332 -0.0323 0.0347
"512" 0.1597 0.0829 -0.0901 -0.0319 0.0751 -0.0127 0.0157 -0.1073 -0.0319 0.0821 0.1126
"513" 0.5391 -0.1132 -0.0021 -0.0143 0.0863 -0.0754 -0.1319 0.0277 -0.0015 0.0516 -0.087
"514" -1.271 -0.0383 0.0924 0.0353 -0.1612 0.0704 0.0065 -0.0813 0.0113 -0.0616 0.0027
"515" -0.2186 -0.0273 -0.0848 0.0073 0.1044 -0.0661 0.0025 0.0888 0.0034 0.0068 -0.0024
"516" -0.5663 -0.1114 -0.0022 0.0076 0.0638 -0.0562 -0.0639 -0.0177 -0.029 0.0571 -0.058
"517" 2.2219 0.1118 -0.0488 -0.0825 0.1517 -0.0246 0.0142 -0.0091 -0.0266 0.097 0.0052
"518" -0.0378 -0.0484 -0.0314 0.1026 -0.0051 -0.0481 -0.0268 0.0886 0.0191 -0.0051 -0.0063
"519" 0.192 0.1211 0.0649 -0.0507 4e-04 0.0482 0.0343 0.0453 0.0314 -0.0111 -0.0126
"520" -0.499 0.0342 0.032 0.0794 0.1812 -0.0868 0.0199 0.243 0.0281 -0.016 -0.0811
"521" -0.8105 0.0548 0.0536 0.0043 0.05 -0.0172 0.0182 0.063 0.039 0.0137 -0.0194
"522" 1.6935 -0.025 -0.0213 0.0655 0.0463 -0.0316 -0.0344 0.1423 0.0289 -0.0591 -0.0328
"523" 3.1127 0.2009 -0.0248 -0.083 0.1923 -0.0227 0.0977 0.0317 -0.0139 0.0569 0.0917
"524" 2.6674 0.1812 0.0339 -0.1388 0.1868 -0.0385 0.0479 0.0539 -0.0164 0.1541 0.0267
"525" 0.3033 -0.274 0.0193 0.1106 -0.0561 -0.0504 -0.1369 0.0711 0.0048 -0.0749 -0.1394
"526" -0.4594 -0.0059 -0.0287 -0.0485 -0.1393 0.07 0.0443 -0.146 0.0122 -0.0223 0.0231
"527" -0.1336 0.1636 -0.0294 -0.0881 0.1611 -0.0189 0.0514 0.083 -0.0475 0.0781 -0.0145
"528" 0.617 0.0723 -0.0639 0.0462 0.0301 0.0023 0.1436 -0.0614 -0.0312 -0.0273 0.0866
"529" 1.5837 0.0422 -0.0934 -0.0257 0.0211 -1e-04 0.0184 -0.0304 -0.0122 0.0046 0.0617
"530" -1.8109 0.0092 0.0249 -0.0075 -0.058 0.0285 0.0244 -0.0075 0.0125 -0.0261 -0.0101
"531" 1.5989 0.0203 0.045 -0.102 0.0814 -0.0158 -0.0361 0.0125 0.0018 0.0455 -0.0099
"532" -0.7985 -0.0827 0.0076 0.0744 0.026 -0.0602 -0.108 0.1225 0.0077 0.0265 -0.0652
"533" -0.9334 -0.1606 -0.0493 0.0771 0.0166 -0.0681 -0.1304 0.0575 0.0327 -0.0099 -0.0915
"534" -0.6034 -0.0394 0.0581 0.0128 -0.102 0.0388 0.0579 -0.0268 -0.0183 -0.0822 6e-04
"535" -0.3827 0.151 -0.0498 0.0015 0.0339 0.0202 0.0829 -0.0338 -0.0351 0.0523 0.077
"536" -0.5229 -0.0244 -0.1489 0.035 -0.1092 0.0041 1e-04 -0.1597 -0.0052 0.025 0.1215
"537" -1.0214 0.0357 0.0046 -0.0867 0.0782 -0.0028 0.0126 -0.0123 0.0565 0.002 0.0363
"538" -0.2285 -0.0354 -0.0032 0.034 0.0806 -0.0476 -0.0113 0.0971 -0.0106 -0.016 -0.0465
"539" 0.1286 -0.1396 0.0303 0.0177 0.1017 -0.0873 -0.1492 0.0935 -0.0187 0.065 -0.1101
"540" 0.7946 0.0657 0.0322 -0.0728 0.0437 0.0254 -0.0132 -0.0524 0.0068 -2e-04 0.0951
"541" -1.4251 0.0222 0.0895 -0.0521 -6e-04 0.0167 -0.0402 0.0769 -0.0046 0.0294 -0.0462
"542" -0.1638 -0.0292 0.1466 -0.0624 -0.0447 0.0432 -0.0802 0.0224 0.0755 -0.0316 -0.08
"543" -0.8598 -0.0151 -0.0932 0.0769 0.0069 -0.0473 0.0059 0.0282 0.0064 0.001 0.0461
"544" 0.4485 0.2331 -0.0523 -0.081 0.1545 -0.0095 0.135 0.0463 -0.0665 0.1218 0.0299
"545" 0.9184 0.1125 0.1652 -0.0799 -0.0737 0.0826 0.0494 0.0928 0.0691 -0.0706 -0.0133
"546" -0.2019 0.0164 -0.08 -0.029 -0.0845 0.042 0.017 -0.1618 -0.0172 0.0255 0.0847
"547" 0.4174 -0.2187 0.022 0.0957 -0.1473 -8e-04 -0.0962 -0.0446 0.0193 -0.0626 -0.0687
"548" 0.2048 0.0887 0.0632 0.0172 0.082 -0.0102 0.0916 0.0347 -0.0175 -0.015 0.0427
"549" 1.6892 -0.0043 -0.1185 0.0025 0.097 -0.0505 0.0228 0.0027 -0.058 0.0726 -0.0024
"550" 1.5225 0.1107 -0.0249 -0.0339 0.0323 0.0147 0.0675 0.0645 0.0228 -0.0179 0.0281
"551" -1.7061 -0.0891 -0.0242 0.1151 -0.0402 -0.0066 0.0286 0.0475 0.0092 -0.1382 0.051
"552" 0.4451 -0.17 -0.0726 0.0531 -0.03 -0.0383 -0.1131 -0.0683 0.0231 0.0285 -0.062
"553" 0.4087 -0.081 0.0965 0.0269 -0.0832 0.0325 0.0066 -0.0333 0.0618 -0.0964 0.0139
"554" -0.816 -0.1403 0.0929 0.0229 -0.1027 0.0153 -0.1271 0.0329 0.0309 -0.0455 -0.082
"555" -0.1751 -0.1812 0.0861 0.113 -0.0815 -0.0235 -0.0812 0.0508 0.0216 -0.0924 -0.0275
"556" -0.1532 -0.063 0.1638 0.0468 -0.145 0.0629 -0.0102 0.0064 0.0482 -0.1108 -0.0406
"557" -0.4037 -0.1511 0.0275 0.02 0.1066 -0.0715 -0.1138 0.1259 -0.0263 0.0057 -0.1314
"558" -0.8615 0.0571 -0.0448 0.0377 -0.0896 0.0442 0.0745 -0.0895 -0.0086 -0.0432 0.111
"559" 1.3904 0.0216 -0.0046 -0.007 0.0761 -0.029 0.0682 0.0226 -0.0461 -0.0178 0.0128
"560" 1.4604 -0.0209 -0.0246 -0.03 -0.0517 0.0163 -0.0327 -0.0696 -0.0139 0.0273 0.0408
"561" -0.6741 -0.0666 -0.0263 0.0323 -0.1187 0.0346 -0.014 -0.0404 0.0329 -0.0817 0.0148
"562" 1.155 -0.0333 -0.0981 0.1001 -0.162 0.0297 0.0538 -0.1422 -0.0126 -0.0184 0.1096
"563" -0.2598 0.0974 -0.0758 -0.0548 0.0839 -0.0275 -0.0092 0.0349 -0.0289 0.1132 -0.0134
"564" -2.3338 -0.0396 -0.0579 0.0588 0.0251 -0.0366 -0.0549 0.0184 -0.0164 0.0234 0.0072
"565" 0.2712 0.079 0.0753 0.0111 0.1037 -0.0167 0.0823 0.2048 0.002 -0.0407 -0.0826
"566" -0.0074 0.0412 -0.0333 -1e-04 0.0054 7e-04 0.0093 -0.0806 -0.0296 0.0602 0.0712
"567" 0.1339 -0.0101 0.0582 0.0256 0.03 0.0024 0.0996 -0.0038 -0.0075 -0.0733 -0.0073
"568" -1.4988 -0.0231 -0.0375 -0.0578 -0.0071 0.0123 0.0147 -0.0884 -0.0197 0.0176 0.0166
"569" 0.564 0.0102 -0.0877 -0.0177 0.0276 -0.0264 -0.0203 -0.0802 -0.0235 0.098 0.053
"570" -0.6354 -0.0867 0.0736 -0.0183 0.0482 -0.0329 -0.0962 0.1105 -0.025 0.0492 -0.1159
"571" 0.2834 0.1441 0.0593 1e-04 0.0593 0.0059 0.0425 0.1327 0.0235 0.0029 -0.0128
"572" 0.5641 0.1024 0.0964 0.0119 0.0997 0.005 0.0851 0.1493 0.0361 -0.0934 0.0127
"573" 2.3339 0.0075 -0.055 -0.0054 -0.0395 0.0205 0.002 -0.1154 -0.0342 0.0456 0.0149
"574" -0.1566 0.0459 0.0947 -0.0712 0.1106 -0.0233 -0.0659 0.0747 0.0425 0.0442 -0.0372
"575" 0.3334 0.0233 0.0847 -0.0664 -0.0824 0.0598 0.0781 -0.1536 -0.0261 -0.0193 0.0644
"576" -1.6696 -0.0919 -0.0682 0.0182 -0.1025 0.0213 -0.0368 -0.1051 -0.0193 -0.041 0.0306
"577" -2.0777 0.07 0.0685 0.0499 0.0319 -7e-04 0.1267 0.0798 0.0033 -0.0561 -0.0059
"578" -2.1267 -0.0176 -0.0282 0.0154 0.0311 -0.0079 0.0229 0.0193 -0.0309 -0.0057 -0.0342
"579" -1.6454 -0.2252 -0.0591 0.0471 -0.1437 0.0057 -0.1582 -0.107 -0.0079 -0.0073 -0.0538
"580" -0.3191 -0.0063 0.0157 -6e-04 0.0658 -0.045 -0.1214 0.1296 0.0406 0.0676 -0.0684
"581" 0.0896 0.0511 -0.0335 0.028 0.149 -0.0727 0.0025 0.0715 0.0158 0.0747 0.0019
"582" -0.2272 -0.118 0.0411 0.0245 -0.1185 0.0213 -0.094 -0.1205 0.0109 -0.0135 0.0302
"583" -0.5607 -0.0214 0.0926 0.0747 0.1724 -0.0815 0.0615 0.1778 -0.0069 -0.0766 -0.0267
"584" -1.3113 0.0919 0.0514 -0.0819 0.1044 -0.0061 0.0015 -0.0197 -0.0041 0.0771 4e-04
"585" -1.4254 -0.0843 0.0331 -0.0212 -0.0919 0.0361 0.0236 -0.1269 -0.0425 -0.0303 0.0296
"586" -0.4571 -0.0787 0.1068 -0.0411 -0.1115 0.0576 -0.0698 -0.0857 -0.0111 -0.0023 -0.0711
"587" -1.6148 -0.1285 0.0901 -0.0207 -0.0648 0.0111 -0.0753 -0.0457 0.0259 -0.0493 -0.031
"588" 0.6791 0.1442 0.0781 -0.0814 0.0924 0.0247 0.086 0.051 0.0164 0.0172 -0.0117
"589" -1.0931 -0.032 -0.1408 0.0131 -0.0862 0.0188 -0.0255 -0.1691 -0.0381 0.0356 0.0948
"590" 0.7848 -0.0452 -0.0939 0.0303 -0.1036 0.0144 0.0284 -0.0639 0.0014 -0.0402 0.0489
"591" -0.4264 -0.0213 0.1299 0.0031 -0.0708 0.0458 0.0961 -0.0373 -0.0198 -0.0721 -0.0099
"592" -0.9857 0.1404 -0.0174 -0.0965 0.1106 -0.0199 0.0141 0.0491 -0.0078 0.1325 -0.0108
"593" 1.3088 -0.077 0.0711 -0.0234 0.0826 -0.0328 -0.096 0.0552 -0.0091 0.0214 -0.065
"594" 0.4199 0.123 -0.0685 -0.0148 0.0116 0.0196 0.116 -0.0211 -0.0464 0.0182 0.0829
"595" 0.0142 0.0541 0.1364 -0.0162 -0.0171 0.0417 0.1028 0.0354 0.0226 -0.0887 0.0226
"596" 1.7444 0.1414 0.045 -0.0907 0.0188 0.0401 0.094 3e-04 6e-04 0.0303 0.0379
"597" -0.6278 -0.0548 -0.1467 0.0792 0.1145 -0.0905 -0.0714 0.0641 -0.0099 0.0407 0.0137
"598" -0.7881 -0.106 -0.0135 0.0081 -0.1541 0.0472 -0.0342 -0.1475 0.0011 -0.0263 -0.0029
"599" 1.2702 -0.0428 -0.1787 0.0443 0.0416 -0.0538 0.0578 -0.0212 -0.0558 0.0337 -0.0105
"600" -0.6828 -0.1287 -0.152 0.0905 0.0805 -0.109 -0.0257 0.0668 -0.0393 0.0166 -0.0039
"601" 1.7481 0.0743 -0.065 -0.1389 0.2949 -0.11 -0.0895 0.168 -0.0344 0.1578 -0.0534
"602" 1.8291 0.1727 -0.033 -0.0161 -0.0253 0.0611 0.2031 -0.1019 -0.0142 -0.0298 0.1461
"603" -1.446 -0.1101 -0.0036 0.0202 -0.0658 0.008 -0.0048 -0.067 0.0038 -0.0383 0.0051
"604" -1.1862 -0.1527 -0.0958 0.1265 -0.0419 -0.0598 -0.0517 -0.0334 -0.0649 0.045 -0.0359
"605" 0.7367 -0.1218 0.0408 0.011 -0.0572 0.0149 0.0221 -0.0429 -0.0018 -0.0562 -0.0613
"606" -1.172 -0.0047 0.1777 -0.0179 -0.0046 0.0415 -0.0102 0.1059 0.0425 -0.1029 -0.1067
"607" 0.3247 0.0827 0.0101 -0.0031 -0.0402 0.0351 0.0254 -0.0585 -0.0615 0.0886 -0.0059
"608" 1.444 -0.004 0.0202 -0.0157 0.1314 -0.0666 -0.0953 0.2027 0.0092 0.0504 -0.0688
"609" -0.1518 0.04 0.0196 -0.0105 -0.0489 0.0277 -0.0102 0.0346 0.0093 0.0118 -0.0222
"610" 0.0966 -0.1668 -0.0137 0.0528 -0.007 -0.0535 -0.087 0.0203 -0.0309 0.0089 -0.0477
"611" -0.4214 -0.0507 0.1255 0.0357 -0.0338 0.0071 -0.0656 0.1443 0.0636 -0.033 -0.1564
"612" -0.9458 -0.004 -0.1259 0.0719 -0.0827 -9e-04 0.0012 -0.0377 0.0124 0.0117 0.0519
"613" 0.0601 0.1237 0.0332 0.0634 0.1058 -0.0224 0.0978 0.1087 0.032 -0.0449 0.0278
"614" -0.4803 0.0537 -0.0575 -0.0081 -0.0834 0.047 0.0302 -0.1501 0.0167 0.0106 0.1169
"615" -0.0141 0.0811 0.0355 -0.0817 -0.0323 0.0544 0.0504 -0.0773 0.0133 0.0092 0.0392
"616" -0.2575 -0.0223 -0.0634 0.0547 0.157 -0.0808 0.0033 0.0803 -0.0243 0.0075 -0.0069
"617" 0.3721 0.0675 -0.1219 0.0109 -0.0075 -0.0079 0.0922 -0.081 -0.0508 0.0504 0.0886
"618" 0.1046 0.0327 -0.0194 -0.0338 -0.1902 0.0995 0.0418 -0.2373 -0.0037 -8e-04 0.1291
"619" -1.5898 0.0697 -0.0765 -0.0419 -0.0166 0.0012 -0.0421 -0.0328 -0.0263 0.121 0.0258
"620" -0.634 0.0365 0.0759 -0.0139 -0.0355 0.0504 0.1307 -0.0507 -0.0157 -0.0393 -0.0301
"621" 0.8302 0.091 -0.0024 0.0209 -0.0856 0.046 0.0304 -0.0451 0.0506 0.0063 0.0695
"622" -0.2888 -0.0998 -0.0557 0.0255 0.0709 -0.0786 -0.0717 0.1077 -0.0332 0.039 -0.091
"623" 0.7535 -0.0988 -0.0549 0.0791 0.0531 -0.0645 -0.0813 0.0502 0.0078 -0.0017 -0.0105
"624" 0.4603 0.0317 0.1717 -0.0895 -0.0138 0.0482 0.0017 -0.0156 0.0054 -0.0053 -0.0327
"625" -1.5428 0.1721 -0.0459 8e-04 0.1195 -0.0376 0.1272 -0.0043 0.0149 0.0491 0.1539
"626" -0.355 0.018 0.0101 -0.011 -0.1165 0.0538 0.0161 -0.0389 0.0252 -0.0289 0.0348
"627" -2.0161 -0.1405 0.0749 0.043 -0.0184 -0.0019 -0.0095 0.0536 2e-04 -0.1082 -0.1132
"628" -1.036 0.0626 0.0985 0.0196 0.0148 0.0077 0.0202 0.134 0.0389 -0.0179 -0.0379
"629" -1.0976 -0.1893 -0.0717 0.0312 -0.0039 -0.062 -0.1347 0.0572 -0.0018 -0.0121 -0.048
"630" -0.2382 -0.1197 -0.0585 0.0266 0.0294 -0.0533 -0.102 -0.0239 -0.0061 0.0453 -0.0523
"631" -0.7033 0.0938 0.0337 -0.0286 0.1217 -0.0394 0.0594 0.1159 0.014 0.0278 0.016
"632" -1.0514 0.161 -0.0505 -0.0423 0.1192 -0.0258 -0.0401 0.0648 0.0195 0.1347 -7e-04
"633" 3.6619 0.0814 -0.0428 -0.0074 0.1738 -0.081 -0.0366 0.1256 -0.0047 0.1089 -0.0089
"634" -0.9918 -0.0421 0.0706 -0.0352 -6e-04 0.0106 -0.0255 -0.0337 0.0082 6e-04 -0.0169
"635" -1.7917 0.0773 0.0357 -0.0918 0.0657 -0.0036 -0.0387 0.0897 0.0165 0.0241 -0.029
"636" -0.3315 0.0076 -0.0545 -0.0476 -0.0383 0.0261 0.0366 -0.1452 -0.0089 0.0109 0.064
"637" 1.1656 0.1236 0.0086 -0.0596 0.1645 -0.0305 0.1524 0.0755 -0.0427 0.0116 -0.001
"638" -0.1862 -0.0262 -0.0157 0.065 -0.0715 0.0152 -0.0407 -0.0522 0.0205 -0.006 0.0368
"639" 0.4303 -0.0747 0.0593 -0.0348 -0.0842 0.0281 -0.1712 -0.0814 0.0468 0.0479 -0.0433
"640" -0.4246 0.0961 -0.058 -0.0868 -0.0672 0.0674 0.0366 -0.1258 0.0094 0.0263 0.0647
"641" 0.9591 -0.009 0.0598 0.0346 0.0926 -0.0313 0.0945 0.0586 -0.0282 -0.0634 -0.0122
"642" 1.3878 0.108 -0.0548 -0.0082 0.1012 -0.0365 0.0898 0.0948 -0.0174 0.0133 0.0056
"643" -1.4747 -0.0449 0.1606 -0.0445 -0.2135 0.0941 -0.0253 -0.0725 0.0212 -0.0607 -0.0048
"644" 0.2274 0.0354 -0.0842 0.0228 -0.0574 0.0047 -0.0483 -0.0703 0.0119 0.075 0.0614
"645" -0.288 -0.008 0.0638 -0.0251 -0.0464 0.0451 0.0054 -0.0614 0.0074 -0.0126 -0.0172
"646" 0.8639 0.0178 -0.014 -0.014 0.1773 -0.0688 0.0549 0.0955 -0.0332 0.0096 -0.0162
"647" 0.7714 0.0942 0.0771 0.0031 0.047 0.004 0.0686 0.1508 0.0471 -0.053 0.0036
"648" -0.1723 -0.1915 -0.097 0.1269 -0.2074 0.0231 -0.1125 -0.0892 0.0052 -0.0659 -0.0112
"649" 0.2977 0.0637 -0.0316 -0.0042 0.0613 -0.0288 -0.0321 0.0149 0.0207 0.0812 0.0182
"650" 1.2988 0.123 0.1137 -0.1231 0.1645 -0.0177 -0.0082 0.1247 4e-04 0.0541 -0.052
"651" -0.2052 -0.0827 -0.0265 0.0203 -0.1096 0.0242 -0.0775 -0.0866 0.0033 1e-04 -0.0164
"652" -1.0949 -0.0963 0.0989 -0.0049 0.0143 -0.0272 -0.0275 0.0452 0.0111 -0.0375 -0.0599
"653" -0.6191 -0.043 -0.078 -0.0369 0.0838 -0.0558 -0.0531 0.0112 -0.0109 0.0593 -0.0158
"654" 1.0265 0.0963 0.0508 -0.0314 -0.0164 0.0423 9e-04 0.0491 0.0099 0.0066 -0.0336
"655" 0.2564 0.0296 0.0327 0.0248 -0.0504 0.0343 0.0448 -0.0383 0.0046 -0.0416 0.0469
"656" -1.8736 0.0029 -0.0935 -3e-04 -0.0336 0.0076 0.0465 -0.11 -0.024 0.0216 0.0615
"657" 1.0542 -0.1045 -0.0028 0.0326 0.0444 -0.0472 -0.0279 0.0211 0.0059 0.0091 -0.0588
"658" -1.5938 -0.0184 0.0706 0.0528 -0.0583 0.0028 -0.014 0.0559 0.0297 -0.0288 -0.0159
"659" -0.0688 -4e-04 -0.0245 0.0115 0.0133 -0.0229 8e-04 0.0529 0.011 -0.0039 0.0297
"660" -1.1368 -0.1174 -0.0299 -0.0014 -0.0648 -0.0157 -0.1665 -0.035 -0.0226 0.0694 -0.0641
"661" -2.6991 0.0068 0.1151 -0.0453 -0.1032 0.0599 0.0141 -0.0668 0.0211 -0.0533 0.012
"662" -0.4933 0.0251 -0.0481 -0.05 0.0952 -0.0377 -0.0037 -0.0123 -0.0051 0.0816 0.0172
"663" -0.291 -0.0624 0.1044 -0.0303 -0.0763 0.0405 -0.1013 -0.0038 0.0387 -0.0544 -0.0446
"664" -0.6686 -0.1015 0.0218 0.0378 -0.0963 0.0222 -0.1293 -0.0913 -0.0134 -0.0204 0.0093
"665" -0.1901 -0.0606 0.1006 -0.0465 0.1058 -0.0369 -0.0446 0.1349 0.0471 -0.029 -0.0934
"666" 0.6833 0.0566 -0.015 -0.0322 -0.0321 0.0308 -0.0248 -0.0412 0.0346 0.0255 0.0138
"667" 0.396 0.0144 -0.0146 -0.0036 0.1175 -0.029 0.0924 0.0945 -0.0173 -0.0436 -0.0648
"668" 0.2244 0.0151 -0.1106 -0.0873 0.0414 -0.0137 -1e-04 -0.1097 -0.0379 0.0529 0.0353
"669" -0.6104 -0.1104 0.0147 -0.026 -0.0125 -0.0074 -0.0064 0.0306 0.0231 -0.0615 -0.0574
"670" -0.65 0.0049 0.0318 0.0012 -0.0237 0.0091 -0.0133 0.0076 -0.0151 0.0317 -0.0084
"671" 0.7253 0.0603 -0.0273 0.0062 -0.036 0.0208 0.0912 0.0071 -0.0153 -0.0258 0.0247
"672" -0.8113 0.0981 0.0355 0.0202 0.0074 0.0261 0.0736 0.0024 -0.014 0.0039 0.0072
"673" 1.2526 0.0266 0.0573 -0.0437 -0.0121 0.023 0.0217 0.0265 -0.0055 -0.0159 -0.0346
"674" 0.6948 0.1124 0.0982 -0.1077 0.1175 0.0097 0.0547 0.0434 0.0394 -0.0302 0.0545
"675" 1.0571 -0.0025 -0.0195 0.0516 0.0752 -0.0385 0.0064 0.0677 -0.0049 -0.0213 -0.0123
"676" -0.3272 -0.159 0.0287 0.0391 -0.0042 -0.0431 -0.1345 0.0806 -0.0016 -6e-04 -0.1179
"677" 0.3563 -0.0827 0.0878 0.0095 -0.0703 0.0275 -0.0024 -0.0257 -0.0053 -0.0428 -0.0752
"678" 0.6622 0.0791 -0.0676 0.0095 0.1062 -0.0264 0.0857 0.0096 -0.0211 0.0074 0.0667
"679" -0.1277 -0.0133 -0.0537 0.0366 -0.0415 0.0075 -0.0171 -0.0426 -0.0219 0.015 -0.0029
"680" -2.0104 -0.215 -0.0688 0.0776 0.0845 -0.1245 -0.1778 0.1237 0.0132 0.0504 -0.1169
"681" -0.659 -0.0359 0.0606 -0.0285 -0.0284 0.0123 -0.0613 0.0117 0.0427 -0.0183 -0.042
"682" -0.4636 -0.1497 -0.1077 0.015 -0.0541 -0.0405 -0.1719 -0.0689 0.001 0.0789 -0.0331
"683" 0.487 0.0451 -0.0799 -0.0401 0.04 -0.005 -0.0371 -0.0347 -0.0101 0.0575 0.0191
"684" 0.2391 0.0614 -0.1344 -0.0645 -0.1608 0.0906 0.0668 -0.2564 -1e-04 0.0142 0.1353
"685" -0.7385 -0.1068 0.0997 -0.0185 -0.1693 0.0631 -0.1163 -0.1123 0.0321 0.0039 -0.0571
"686" 0.1627 -0.0058 0.0411 -0.0487 0.0329 0.004 -0.1062 -0.0105 0.0481 0.0192 -0.0343
"687" -1.1631 -0.0281 0.0107 0.0075 -0.0641 0.0257 0.0312 -0.0486 0.017 -0.0406 0.0175
"688" 0.0486 0.0721 0.0455 -0.0176 0.0946 3e-04 0.068 -0.0505 0.0142 -0.0303 0.0607
"689" -0.9039 -0.083 0.0487 0.026 0.0211 -0.0125 0.0085 -0.0131 -0.0623 -0.0114 -0.0482
"690" -0.3967 0.0507 -0.0148 0.0443 0.1519 -0.051 0.085 0.1521 -0.0171 -0.0309 -0.0534
"691" -0.9891 0.0783 0.2613 -0.0321 -0.0844 0.0983 0.0078 0.0152 0.0725 -0.0921 -0.0192
"692" -1.0661 -0.0598 0.0131 0.0341 -0.042 -0.0067 -0.06 0.05 7e-04 -0.0049 -0.0667
"693" -0.2492 0.0687 -0.0104 -0.0204 -0.1083 0.0689 0.0575 -0.0855 -0.0319 0.0257 0.045
"694" 1.0983 0.0056 -0.0778 0.0056 0.0283 -0.0251 0.0719 -0.0996 -0.0702 -0.0195 0.1523
"695" -0.3201 -0.0733 -0.0345 0.0623 -0.0848 0.0013 -0.007 -0.0628 0.0111 -0.0114 0.0125
"696" 0.1334 -0.0247 0.0909 -0.0806 0.0351 -0.0027 -0.0791 -0.0198 0.0248 0.0442 -0.0465
"697" -2.2943 -0.1965 -0.1047 0.0668 0.0298 -0.0922 -0.1474 0.0249 -0.0279 0.0503 -0.0642
"698" 0.2173 -0.128 -0.048 0.0259 -0.1579 0.0311 -0.0454 -0.1313 -0.0059 -0.0421 0.0347
"699" -0.082 -0.0017 -0.02 -0.0082 -0.1686 0.0705 0.0153 -0.1335 0.0383 -0.0254 0.0698
"700" 1.2087 0.0523 -0.0071 -0.0148 0.2031 -0.0912 0.014 0.1682 -0.0052 0.007 -0.0147
"701" 0.0199 -0.05 0.0099 -0.0014 0.0536 -0.0365 -0.1149 0.0619 0.017 0.0464 -0.0544
"702" 0.8817 -0.0115 0.0436 0.0386 -0.1548 0.0647 -0.0489 -0.0546 0.0677 -0.0547 0.0334
"703" 0.6117 -0.0671 -0.0932 -0.0079 0.0453 -0.0623 -0.0902 0.023 -0.0441 0.0497 0.0047
"704" 0.2455 0.0109 0.0085 -0.0022 0.0594 -0.0254 -0.0495 0.0834 0.0035 0.0408 -0.0583
"705" 0.2632 -0.0105 0.0314 -0.049 0.05 -0.0238 -0.0653 0.0122 0.0232 0.0276 -0.0106
"706" 1.5514 -0.0364 0.0605 -0.0091 -0.0252 -0.0059 -0.1553 0.0878 0.0565 0.0571 -0.1052
"707" -0.6553 0.1186 -0.1485 0.0568 0.0498 -0.0338 0.0862 0.112 0.0317 0.0365 0.0223
"708" -1.8878 0.0196 0.0853 0.0402 -0.0861 0.0347 0.0319 0.1281 0.0172 -0.0513 -0.0592
"709" -0.2679 0.0747 0.0601 0.0239 -0.0743 0.0456 0.0109 -0.1011 0.0235 0.0264 0.0702
"710" -0.4962 0.2714 0.0017 -0.0555 -0.0065 0.0771 0.1669 -0.0712 0.0029 0.0493 0.1063
"711" 1.54 -0.1821 0.0729 0.0657 -0.053 -0.0372 -0.1598 0.0648 0.0353 -0.0446 -0.0813
"712" 0.3403 -0.0083 -0.0898 0.0188 0.1176 -0.0679 -0.0251 0.0564 -0.0254 0.0308 -0.0071
"713" 1.1217 0.0622 -0.0154 -0.0131 0.0687 -0.0133 0.087 -0.0409 -0.0101 -0.0022 0.0997
"714" -1.808 -0.0377 -0.2115 0.0532 0.0451 -0.0737 -0.0822 -4e-04 -0.0306 0.0981 0.0123
"715" -1.7508 -0.0346 -0.1678 0.0388 -0.0443 -0.0085 0.0289 -0.086 -0.0128 -0.0138 0.0893
"716" -2.4952 -0.0376 0.0667 -0.0031 0.0027 -0.0057 -0.0522 0.0122 0.0431 -0.0145 -0.0084
"717" 2.2038 -0.0324 0.0665 0.0183 -0.0663 0.0172 -0.0145 0.0424 0.0108 -0.0343 -0.0435
"718" 0.0403 -0.1142 0.0373 -0.011 -0.218 0.0864 -0.0736 -0.157 0.0152 -0.0579 -0.0258
"719" 0.3974 -0.1011 0.0814 0.0052 -0.0792 0.0316 0.0415 -0.0673 0.0159 -0.0918 -0.0037
"720" 0.9022 0.0875 0.0463 -0.0436 -0.0235 0.0477 0.0578 -0.0539 0.0322 0.0102 0.0326
"721" 0.591 0.0842 -0.042 -0.0029 -0.0613 0.0446 0.0739 -0.0357 0.0201 -0.0042 0.045
"722" -3.199 0.0361 0.036 0.0317 0.1219 -0.0361 0.0669 0.1272 0.002 -0.04 -0.0557
"723" 0.1738 -0.032 -0.1084 0.0244 0.1185 -0.0872 3e-04 0.0765 -0.0223 0.0302 0.0117
"724" -0.4787 -0.0859 -0.0119 0.0646 0.0167 -0.0345 0.0065 0.0442 9e-04 -0.0671 0.0098
"725" -1.2901 -0.0135 -0.0126 -0.0235 0.1226 -0.0636 0.0081 0.0844 -0.0482 -5e-04 -0.0277
"726" 0.3817 -0.0486 0.0426 0.0194 -0.2018 0.075 -0.0677 -0.0733 0.0102 -0.0048 -0.0619
"727" 0.7105 0.1608 -0.1081 0.0174 0.0423 0.004 0.1143 -0.0428 -0.0394 0.0269 0.1393
"728" -1.0642 0.0154 -0.0269 -0.003 -0.0548 0.0277 0.0379 -0.1128 0.0188 -0.0059 0.0804
"729" 0.5294 0.1531 -0.034 -0.0156 -0.0672 0.052 0.1231 -0.0222 2e-04 2e-04 0.0716
"730" 0.9327 -0.0067 0.0345 -0.0507 0.0427 -0.0059 -0.0063 -0.0274 -0.0049 -0.0078 0.0217
"731" 0.2545 0.0096 0.0582 0.012 0.1029 -0.043 -0.0303 0.0768 0.0359 -0.0045 -0.0304
"732" -1.2582 0.0304 0.0897 -0.0746 -0.1447 0.0915 0.0235 -0.1231 0.0295 -0.0298 0.0445
"733" 0.752 0.0561 -0.0542 -0.0307 0.1553 -0.0638 0.0011 0.1139 -0.0465 0.0719 -0.0514
"734" -0.5161 0.1248 -0.0229 -0.0287 0.0212 0.0046 -0.0038 -0.0352 0.0147 0.0742 0.0918
"735" 1.5606 -0.0942 -0.1228 0.0491 0.2084 -0.1506 -0.0403 0.1173 -0.0395 0.0803 -0.0458
"736" -0.1655 -0.0209 0.0399 0.0914 -0.0527 0.0057 -0.0587 0.1459 0.0388 -0.0653 -0.0481
"737" 1.4532 -0.036 -0.0027 -0.0179 -0.1354 0.0396 0.0341 -0.1429 -0.01 0.0181 0.0307
"738" 0.431 -0.0095 0.0032 -0.0372 -0.0352 0.016 -0.0317 0.0143 0.0284 -0.0378 0.0015
"739" 0.2386 -0.0235 -0.1829 0.1044 -0.0375 -0.0146 0.0129 -0.0182 -0.0167 -0.0599 0.1043
"740" 0.7294 -0.0107 0.0092 -0.0213 0.0997 -0.0431 -0.0073 0.0838 -0.0394 0.0309 -0.0776
"741" -0.4174 -0.0161 0.0623 0.0791 -0.0576 0.0146 -0.0107 0.0444 0.0206 -0.0433 -0.009
"742" 1.1666 0.0305 0.0618 0.0065 0.1072 -0.0327 0.0637 0.101 -0.0357 -0.0149 -0.0396
"743" -0.535 0.0598 -0.0118 -0.1198 -0.0459 0.0497 -0.0178 -0.2013 -0.0173 0.1025 0.096
"744" 0.2713 0.0453 0.0056 0.0386 0.0389 -0.0225 0.0012 0.0966 0.0073 0.0028 0.003
"745" 0.2271 8e-04 -0.0505 -0.0011 0.1409 -0.0729 -0.0467 0.1337 0.0022 0.0429 -0.0681
"746" 0.4767 -0.0414 -0.0426 0.0174 0.0188 -0.0398 0.0299 0.0251 0.0082 -0.0223 0.0038
"747" -0.5385 -0.1044 -0.0713 0.0572 0.0175 -0.0574 -0.0523 0.1191 -0.0053 -0.0454 -0.0597
"748" 0.9936 0.0109 -0.0442 -0.0615 0.0113 -0.0044 -0.0557 0.0247 -0.0244 0.0699 -0.0573
"749" 0.256 0.0268 -0.1989 -0.0235 0.0155 -0.0194 0.0216 -0.0729 -0.0577 0.0692 0.0681
"750" 2.0758 0.0818 -0.0275 0.073 0.1069 -0.0317 0.1658 0.0481 -0.0412 -0.0268 0.0297
"751" 1.8223 0.0491 0.0754 -0.0281 -0.0032 0.0262 0.0287 -0.02 -5e-04 -6e-04 0.017
"752" 0.1116 -0.0189 0.0397 -0.0574 -0.0701 0.0466 -0.0297 -0.0791 0.0287 -0.0136 -0.008
"753" -0.5507 -0.061 -0.0489 0.0455 -0.2195 0.0668 -0.0365 -0.1412 -0.0273 -0.0135 0.0384
"754" 1.1983 0.0046 -0.0031 0.0539 -0.0614 -0.0028 -0.0301 0.0415 0.0263 0.0141 0.0191
"755" -1.5477 0.0289 0.1044 -0.0762 -0.1375 0.0999 -0.0517 -0.1985 0.0174 0.0193 0.0689
"756" 0.8299 0.0895 0.019 -0.0335 0.1032 -0.0074 0.0375 0.071 0.0255 -0.0358 0.0299
"757" -1.5545 -0.073 0.0537 -0.0167 -0.0336 0.0017 -0.0638 -0.0075 0.0321 -0.0174 -0.0216
"758" -1.3568 -0.1004 -0.1109 0.0431 0.0409 -0.0717 -0.0762 -0.0377 -0.0137 0.0482 0.0545
"759" 0.0081 -0.0707 0.0293 -0.0932 0.098 -0.0512 -0.1091 0.0147 -0.0274 0.072 -0.0704
"760" -1.2373 -0.0242 -0.0962 0.0519 -0.1662 0.0469 0.0679 -0.1632 0.007 -0.0466 0.1147
"761" 1.5494 0.0068 0.011 0.0652 0.0869 -0.0411 0.0549 0.0851 0.0132 -0.0047 -0.0218
"762" -0.5261 0.0198 -0.0262 -0.0421 0.0342 0.0029 -0.0254 0.0364 -0.016 0.0082 -0.0316
"763" -0.2676 -0.0345 0.0571 0.0388 0.1162 -0.0625 -0.0171 0.1779 0.0179 -0.0159 -0.0706
"764" 0.7019 -0.0475 0.0326 0.0492 -0.0453 0.0037 -0.0383 0.0574 0.0398 -0.0282 -0.0755
"765" 1.2455 0.07 0.0033 -0.0237 0.1588 -0.0635 -0.0225 0.1492 -0.0395 0.0847 -0.0513
"766" -2.4976 -0.1745 0.1623 -0.0567 -0.0673 0.0094 -0.1159 0.0535 0.0339 -0.0672 -0.1264
"767" 0.651 -0.0219 -0.0617 0.0252 0.069 -0.0597 0.0445 0.0369 -0.0363 0.0114 0.0347
"768" -1.3011 -0.1866 -0.0458 0.0453 -0.0691 -0.0282 -0.1287 -0.0769 -0.0358 0.0439 -0.0741
"769" -0.3771 0.1844 0.1078 -0.0453 0.2654 -0.0734 0.1153 0.2739 0.059 0.0058 -0.0101
"770" 0.9617 0.0207 -0.12 -0.0042 0.0705 -0.0511 -0.0231 0.0668 -0.0318 0.055 0.0057
"771" 1.1461 0.0681 0.1143 -0.0944 0.0166 0.0336 0.0465 0.0134 0.0013 -0.0227 -0.0029
"772" -1.6055 -0.1686 0.062 0.0608 -0.1651 0.036 -0.0538 -0.0645 -0.0104 -0.0725 -0.0412
"773" 0.6278 0.1449 -0.0814 -0.0035 0.0643 -0.0201 0.0246 0.0566 -0.001 0.0906 0.0576
"774" 1.0621 0.1282 0.0065 -0.064 0.0234 0.0324 0.0455 -0.0094 0.0048 0.0319 0.0626
"775" 0.3661 -0.0759 0.0507 -0.0075 0.0361 -0.0155 -0.0218 -0.0196 -0.0194 -0.0201 -0.0616
"776" -0.2351 -0.0594 0.0997 -0.0174 -0.1738 0.0756 -0.0255 -0.1612 -0.0027 -0.002 0.0109
"777" -0.8031 -0.0589 0.0097 -0.0235 0.0955 -0.0583 -0.0977 0.1003 -0.0172 0.0248 -0.082
"778" 1.6611 0.0951 -0.0743 0.0255 0.1876 -0.0823 0.0328 0.1555 -0.0278 0.0205 0.0182
"779" -0.3169 0.086 0.0646 -0.0329 -0.0536 0.0681 0.139 -0.02 0.0175 -0.0689 0.0045
"780" -2.2427 0.0239 -0.047 -0.0306 -0.0027 0.0114 -0.0147 -0.099 -0.0153 0.0353 0.059
"781" 1.1114 0.0487 -0.0319 -0.0091 0.0164 0.0105 0.0547 -0.0051 -0.0226 0.0033 0.0251
"782" -0.9504 -0.1112 0 -0.0099 -0.1247 0.0252 -0.0484 -0.1547 0.0069 -0.0243 0.0252
"783" -1.1015 -0.08 -0.0864 0.0961 0.0274 -0.0622 -0.034 0.0629 -0.0077 7e-04 -0.0244
"784" -0.4413 0.0597 0.1584 -0.0805 -0.0569 0.0615 -0.0332 -0.0626 0.035 0.0612 -0.0526
"785" -0.8818 -0.0824 0.123 0.0253 -0.0791 0.0444 0.04 0.0299 0.0517 -0.1505 -0.0656
"786" 0.8457 0.0234 0.099 -0.0702 0.0644 0.0013 -0.049 0.0386 0.0412 0.0052 0.0043
"787" 2.4753 -0.0127 -0.0405 0.0397 0.1478 -0.0822 -0.0659 0.1384 -0.0338 0.0688 -0.0732
"788" 1.5743 2e-04 -0.0171 0.0112 0.0536 -0.0311 0.0281 0.0086 -0.0059 -0.021 0.0336
"789" 0.7419 -0.0177 0.0242 0.0519 -0.0719 0.0218 0.0464 0.0363 0.019 -0.1 0.052
"790" 1.0959 0.0165 -0.1169 0.0471 0.0754 -0.062 -0.0098 0.0791 -0.0123 0.0343 0.0519
"791" 1.7361 0.1264 -0.0531 -0.1048 0.0224 0.037 0.113 -0.0766 -0.0278 0.0372 0.0375
"792" -0.7154 -0.127 0.1701 -0.0815 -0.0417 0.0136 -0.1494 -0.0146 0.0429 -0.0128 -0.0723
"793" -2.0213 -0.1301 0.0734 0.0053 -0.2544 0.0868 -0.1085 -0.166 0.0421 -0.0312 -0.0031
"794" -1.8409 -0.0616 -0.0511 0.0528 -0.0174 -0.0146 0.087 0.0149 -0.0117 -0.0698 -0.0065
"795" -0.0192 0.1108 0.1027 -0.0643 0.1056 0.0223 0.0512 0.0302 0.0047 -0.003 -0.0239
"796" -0.7871 -0.0179 -0.1532 0.0404 -0.2431 0.0682 0.0563 -0.1954 -0.0188 -0.0259 0.1156
"797" -1.6044 -0.0778 0.1023 -0.0434 -0.1975 0.083 -0.0636 -0.1064 0.0322 -0.0431 -0.0277
"798" 0.7676 0.0785 -0.0345 0.0033 -0.0684 0.0523 0.0847 -0.03 0.01 -0.0524 0.0783
"799" 1.6215 0.0805 0.0486 0.0174 0.1189 -0.016 0.0759 0.1449 0.0113 -0.081 -0.0027
"800" -1.6435 0.0589 0.0902 0.0264 -0.1989 0.0986 0.053 -0.0446 0.0627 -0.076 0.0773
"801" -0.5657 -0.083 0.1148 -0.0653 -0.0166 0.0107 -0.1222 -0.0436 0.0154 -0.0213 -0.0179
"802" 0.1051 0.0663 -0.1346 -0.0507 0.0631 -0.0273 -0.0012 -0.0022 -0.0402 0.1236 -0.0181
"803" 0.0326 -0.0159 0.0246 -0.037 -0.0876 0.0536 0.0463 -0.1563 -0.0335 -0.02 0.074
"804" 1.0588 0.0476 -0.0649 -0.0416 0.0833 -0.0392 0.0416 0.0282 -0.0272 0.0512 0.015
"805" 1.3304 0.0738 0.0668 -0.0629 0.1006 -0.0074 -0.0093 0.145 0.0562 -0.0126 -0.0399
"806" 0.5637 -0.0478 -0.0732 -0.0355 -0.1459 0.042 -0.0887 -0.1409 0.0045 0.083 0.0103
"807" -0.3037 0.0593 0.0796 -0.0363 0.0796 -0.0298 -0.0134 0.087 0.0072 0.0097 9e-04
"808" -0.3953 -0.0966 0.0106 0.0303 -0.0079 -0.0321 -0.0802 -0.0144 -0.0046 0.0522 -0.052
"809" -1.1808 -0.1614 -0.0976 -0.002 -0.0455 -0.0277 -0.1305 -0.0033 -0.0105 0.0337 -0.118
"810" 1.4647 0.0144 -0.2224 0.051 -0.0214 -0.0205 0.0389 -0.071 -0.0567 0.0416 0.0951
"811" 1.2987 0.1132 -0.137 -0.0676 0.2285 -0.0729 0.0862 0.0299 -0.0236 0.0725 0.0526
"812" 0.4174 -0.1194 0.0304 0.0069 -0.1518 0.027 -0.0106 -0.1076 -0.0354 -0.0385 0.0311
"813" -1.0651 -0.106 -0.0268 0.0216 0.0158 -0.0406 -0.0632 0.0074 -0.0171 0.0118 -0.046
"814" -1.7533 -0.0951 0.0341 -0.0205 0.0814 -0.0509 -0.1249 0.1297 0.0363 -0.0248 -0.1042
"815" 0.5463 0.0171 0.0072 -0.0491 -0.0075 0.0181 0.0058 -0.0621 -0.0051 0.0377 -0.0096
"816" 2.153 0.0771 -0.0334 -0.065 0.137 -0.0264 0.047 -0.0462 -0.035 0.0318 0.0711
"817" -0.4863 0.1353 -0.0613 -0.1378 0.0862 0.0135 0.112 -0.1429 -0.0427 0.0752 0.1425
"818" 1.5641 0.0388 0.173 -0.0945 0.0719 0.0126 -0.0122 -0.0344 -0.0085 0.0145 -6e-04
"819" -1.1645 -0.126 -0.0393 0.0426 0.1129 -0.084 -0.0331 0.039 -0.0116 -0.0123 -0.0128
"820" 0.4261 -0.0515 -0.0536 0.0933 0.0366 -0.0445 0.0251 0.0463 -0.003 -0.0208 -0.0423
"821" 1.5279 -0.0083 0.0955 -0.0014 0.0206 9e-04 -0.0203 0.0914 0.0551 -0.0243 -0.077
"822" 1.8937 0.0835 0.0713 -0.0146 -0.0038 0.0285 0.0146 0.0282 -7e-04 0.0189 0.0113
"823" 0.5686 0.1223 -0.2217 -0.0372 0.1696 -0.0784 0.0712 -0.0093 -0.059 0.1403 0.0512
"824" 0.6338 0.0774 -0.0437 2e-04 0.0037 0.0147 0.0949 -0.041 -0.0175 -0.0099 0.0754
"825" -0.2914 0.0269 0.0365 -0.0259 0.0297 0.0087 -0.0402 0.084 0.0352 -0.0025 -0.0613
"826" 0.0231 0.1489 -0.1331 -0.016 0.0162 0.0251 0.1296 -0.1063 -0.0228 0.0452 0.1283
"827" 0.8293 0.1619 0.1156 -0.1552 0.0208 0.0709 0.0424 -0.0394 0.0032 0.0294 0.0053
"828" 0.2402 -0.0535 -0.0585 0.0663 0.1 -0.0544 0.0599 0.0465 -0.015 -0.0516 -0.0077
"829" -1.0869 0.1036 0.1349 -0.0165 0.0318 0.0217 -0.0738 0.1075 0.0731 0.0082 -0.0176
"830" 0.1067 0.1275 0.1268 -0.098 0.084 0.0227 0.1055 0.0173 -0.0177 0.0067 0.0198
"831" -0.9113 0.0577 0.1215 0.0134 -0.0967 0.0684 0.0836 0.0345 0.0294 -0.0993 0.0503
"832" -0.1958 0.0606 0.0736 -0.0172 0.0641 -0.014 -0.0175 0.0818 0.0236 0.0464 -0.021
"833" 0.3392 -0.0436 -0.0089 -0.0103 0.0013 -0.0151 -0.097 -0.0274 0.0113 0.0515 0.0023
"834" 0.591 -0.0888 -0.1332 -0.012 -0.0703 -0.0095 -0.1182 -0.1106 -0.0688 0.0941 0.0267
"835" 0.3395 -0.0186 -0.0041 0.0786 0.0489 -0.0581 -0.1037 0.178 0.0616 -0.0233 0.0091
"836" -0.682 0.1662 0.0629 -0.0529 -0.0517 0.0849 0.0861 -0.055 0.0292 0.0189 0.0346
"837" 1.0555 -0.0465 0.0363 0.0321 -0.0064 -0.0169 -0.0017 0.051 0.0032 -0.016 -0.0219
"838" -0.5216 0.0525 0.0686 -0.0164 0.0808 -0.0252 0.0124 0.0891 -0.0112 0.0276 -0.0447
"839" -2.5667 0.0148 0.0213 -0.0256 -0.1001 0.0491 -0.0374 -0.1424 0.0478 0.0054 0.0502
"840" 0.3639 0.0681 -0.0294 0.0109 0.067 -0.04 0.0251 0.1033 0.014 0.0515 -0.0154
"841" -0.3505 -0.0638 0.0676 -0.0421 0.1604 -0.0693 -0.0317 0.0709 0.001 0.004 -0.0416
"842" 0.5652 -0.1274 0.0954 0.0366 -0.2597 0.1165 0.003 -0.2009 0.0057 -0.1238 0.0083
"843" -0.8143 0.0974 -0.0391 -0.0121 -0.1393 0.1025 0.0899 -0.2275 -0.0119 0.0062 0.0967
"844" -0.2146 0.1071 0.0164 -0.0433 0.13 -0.043 -0.025 0.1288 -0.0159 0.1057 -0.0529
"845" 1.3372 0.0956 0.0719 -0.02 -0.0536 0.0811 0.1251 -0.1318 -0.0052 -0.0477 0.0942
"846" 1.5957 0.0804 0.0389 -0.0314 -0.1236 0.0779 0.151 -0.1313 0.0146 -0.0707 0.0997
"847" 0.358 -0.0435 -0.0518 0.0111 -0.1082 0.039 0.0106 -0.1147 -0.0246 0.0079 0.0046
"848" 1.5623 0.0216 -0.0272 -0.0143 -0.0357 0.022 0.0077 -0.0238 -0.0251 0.0015 0.0027
"849" -0.0822 0.0213 -0.0796 -0.0033 -0.1732 0.0743 0.0994 -0.1919 -0.0333 -0.0257 0.0938
"850" 1.3347 0.0405 -0.1536 -0.03 0.2304 -0.1116 0.0401 0.0667 -7e-04 0.0822 0.0093
"851" 0.1763 0.1766 0.0137 -0.0571 0.0595 0.038 0.1504 -0.0063 -0.0148 -0.0366 0.0658
"852" 0.486 0.1459 -0.124 0.0227 0.0758 -0.0295 0.0301 0.0226 -0.0132 0.0882 0.0763
"853" -2.6212 -0.1148 0.031 0.0507 -0.2641 0.0965 -0.0226 -0.0999 0.0171 -0.0752 -0.0548
"854" 0.9061 -0.1423 -0.011 -0.0085 -0.0272 -0.0244 -0.1303 0.0017 0.0107 0.04 -0.111
"855" 2.1071 0.1107 -0.0309 -0.0677 0.2306 -0.0748 0.0478 0.0656 -0.0348 0.1006 0.0102
"856" 0.3532 -0.0876 -0.0601 0.0233 -0.077 -0.0071 -0.0996 -0.036 -0.0148 0.0432 -0.0441
"857" -0.1641 -0.0604 -0.0557 -0.0202 -0.0786 0.0402 -0.1075 -0.0943 0.0171 -0.0385 0.0133
"858" 0.164 0.02 -0.0228 0.0781 0.0648 -0.0439 -0.0395 0.1113 0.0452 0.0243 -0.072
"859" -0.9569 0.0505 -0.0539 0.0365 0.0978 -0.0317 0.025 0.026 -0.0273 0.0293 0.0087
"860" 0.4928 0.0804 -0.0443 0.0052 0.0596 -0.0198 0.0441 0.0259 -0.0384 0.0652 0.0055
"861" -1.1136 0.0174 0.0838 -0.0409 0.1053 -0.0209 -0.1205 0.0377 0.0201 0.0379 -0.0246
"862" 0.8588 0.021 0.0809 -0.0011 0.1243 -0.0434 0.0854 0.0883 -0.034 -0.0234 -0.0111
"863" 0.0235 0.1167 -0.0418 0.0125 0.1273 -0.029 0.0429 0.044 -0.0335 0.0487 0.0249
"864" -0.7753 -0.006 -0.0273 -0.0598 -0.0193 0.0184 -0.04 -0.0077 0.0321 0.0177 -0.0453
"865" -0.1892 -0.0452 -0.0672 0.0774 -0.004 -0.0146 -0.0024 0.0098 4e-04 -0.0314 0.0304
"866" 1.3203 -0.0139 -0.1357 0.1148 0.1147 -0.0955 -0.0081 0.1323 -0.0378 -0.0101 0.003
"867" -0.0876 -0.0422 -0.0814 0.0353 -0.1321 0.0249 0.0068 -0.0641 -0.0013 0.0074 0.0188
"868" -1.6749 -0.2159 0.0064 0.0819 -0.021 -0.041 -0.1208 0.1273 0.0324 -0.1324 -0.1042
"869" 1.814 0.1324 0.0114 -0.0887 0.1405 -0.0254 0.0867 0.0701 -0.0028 0.0017 0.09
"870" 0.4291 0.0623 0.0104 0.0219 0.0079 0.0152 0.0722 0.0656 0.0096 -0.0564 -0.0043
"871" 1.0271 0.0505 0.0556 0.0552 -0.122 0.0751 0.0678 -0.0727 0.0142 -0.0681 0.0755
"872" -1.252 -0.1589 -0.011 0.1504 -0.1169 -0.0089 -0.0349 0.0416 0.0162 -0.1145 -0.0348
"873" -0.5519 -0.0369 0.0737 0.0165 -0.0192 0.013 0.007 0.0645 0.0369 -0.0821 -0.0633
"874" 0.2989 0.0668 -0.0778 0.0277 0.1217 -0.0531 0.0626 0.1123 -0.0322 0.0318 -0.0186
"875" -0.6109 0.0441 0.0501 -0.0305 -0.1754 0.0925 0.0883 -0.1359 0.0048 -0.0569 0.106
"876" 0.3737 0.0801 0.0502 -0.0246 -0.1773 0.1261 0.1191 -0.1565 0.0444 -0.0909 0.0749
"877" 0.9448 0.172 0.0018 -0.0827 0.1202 -0.0035 0.0923 -0.0518 -0.0332 0.1002 0.1037
"878" -0.5971 -0.0118 -0.0268 0.0652 -0.0216 -0.0115 0.0872 0.045 0.0228 -0.0573 0.0038
"879" 1.041 -0.0866 -0.1015 0.05 0.0456 -0.0622 -0.0577 0.0279 -0.0184 0.0132 -0.0286
"880" 0.1776 0.0154 0.0101 -0.009 -0.0075 -0.0087 -0.0329 0.0778 0.0457 0.0321 -0.0288
"881" -0.2357 0.0791 0.0081 -0.062 -0.043 0.0437 0.0495 -0.1057 0.0133 0.0158 0.0816
"882" 2.5381 0.0922 -0.026 0.0027 0.1807 -0.0659 7e-04 0.1863 -0.0344 0.0683 -0.0576
"883" 1.0738 -0.0272 0.042 0.0074 -0.0076 -0.005 0.0585 0.0211 0.025 -0.0206 -0.0169
"884" 0.5838 -0.1353 -0.059 0.1009 -0.0347 -0.042 -0.0882 -0.0182 -0.0034 0.0119 -0.0472
"885" -0.8142 0.0433 -0.0043 -0.1009 -0.0562 0.0469 0.0436 -0.0894 -0.0248 0.0235 0.0337
"886" 0.2402 0.0944 0.0795 -0.0514 -0.0372 0.0643 0.0911 -0.0666 0.0325 -0.0467 0.0743
"887" 0.5877 0.1109 0.0286 -0.0607 -0.0647 0.0598 -0.0067 -0.0566 0.0274 0.0429 0.0422
"888" -2.9831 -0.0096 -0.0442 0.0907 -0.0879 0.0256 0.0634 -0.0678 -0.0135 -0.0749 0.0821
"889" -0.1561 -0.1654 -0.0525 0.0697 -0.07 -0.0264 -0.1125 0.0077 0.0088 -0.049 -0.0538
"890" -1.5244 -0.0748 -0.0284 0.062 -0.1164 0.015 -0.0143 -0.053 0.0065 -0.0271 0.0121
"891" 1.4846 -0.0604 0.0683 0.0271 -0.0464 0.0047 -0.0204 0.0412 -0.0127 -0.0319 -0.0429
"892" -1.5322 -0.0832 -0.0362 8e-04 -0.0831 0.016 -0.0316 -0.1362 0.0133 -0.0336 0.0548
"893" 0.1956 0.0557 -0.0343 0.0595 0.0564 -0.0189 0.1071 0.0805 -0.044 -0.0052 -0.0145
"894" -1.1405 0.0166 0.046 -0.0059 0.0874 -0.0205 -0.0115 0.113 0.004 -0.0219 -0.0601
"895" 0.0635 -0.1169 0.0667 0.0121 -0.1575 0.0556 -0.0706 -0.0852 0.0821 -0.0649 -0.0088
"896" -0.2441 0.0053 0.0101 -0.1178 0.1656 -0.0577 -0.1329 0.1066 0.0273 0.1091 -0.1025
"897" -0.6514 -0.2566 0.0342 0.0683 -0.0976 -0.0168 -0.1227 0.0353 0.0135 -0.0985 -0.106
"898" 0.3324 -0.1145 -0.1325 0.0339 -0.1801 0.0216 -0.0503 -0.202 0.0091 0.0179 0.0865
"899" -0.0808 0.0486 -0.0899 0.0096 -0.034 0.0183 0.1134 -0.0854 -0.0024 -0.0192 0.0984
"900" 1.4724 0.1275 0.0083 0.0488 -0.0172 0.0409 0.0692 0.0434 -0.0054 -0.0091 0.033
"901" 1.4813 0.1651 0.1166 -0.0581 -0.0531 0.0958 0.1901 -0.0295 0.0218 -0.0797 0.0786
"902" 0.1118 0.1761 0.055 -0.1123 0.0891 0.033 0.0954 0.0089 0.0058 0.0328 0.0283
"903" -0.9684 0.0644 0.1737 -0.0446 0.1079 0 -0.0256 0.0936 0.061 -0.0206 -0.0142
"904" 0.4274 0.1148 -0.046 0.0059 0.0061 0.0114 0.0355 -0.0013 -0.0041 0.0429 0.0575
"905" -0.2088 0.0109 0.032 0.0188 -0.1397 0.0588 0.0627 -0.0879 0.0015 -0.0283 0.0535
"906" 0.145 0.0038 0.1628 -0.0813 -0.0599 0.0787 0.051 -0.0522 0.0326 -0.0656 -0.0434
"907" 0.4772 -0.0893 0.024 -0.0727 0.052 -0.0354 -0.1115 -0.0149 -0.0021 0.0469 -0.0564
"908" 0.8116 0.0047 -0.0095 -0.0171 0.0277 -0.0099 -0.0714 -0.0138 0.0177 0.0532 -0.0065
"909" 0.5938 -0.014 -0.0292 -0.0136 0.0423 -0.0233 0.0233 -0.0343 -0.018 0.0144 0.0037
"910" -0.6909 -0.0701 0.0107 0.0146 -0.1638 0.0568 0.0358 -0.1393 0.0156 -0.0961 0.0627
"911" -0.4819 -0.0213 -0.0142 0.0273 0.0323 -0.0215 -0.0169 0.0254 0.0064 -0.0138 -0.0379
"912" -0.4767 -0.0312 0.1378 -0.079 -0.0572 0.0507 -0.0074 -0.0075 -0.005 -0.0489 -0.0654
"913" 0.2301 0.2954 0.0426 -0.0905 0.138 0.0157 0.068 0.0886 0.008 0.0916 0.055
"914" 1.2855 0.1424 0.0271 -0.0689 -0.0469 0.0524 0.0549 -0.074 0.0259 0.0313 0.0792
"915" -0.1068 -0.0639 -0.047 0.0347 -0.0218 -0.0298 -0.0505 0.025 0.0143 0.0247 -0.0178
"916" -1.0849 0.0279 -0.0067 0.0136 0.0398 -0.0324 -0.0589 0.0829 0.0364 0.0416 0.0108
"917" -2.4301 -0.0693 0.0689 0.0356 -0.0838 0.026 0.0216 -0.0291 0.0085 -0.1002 0.029
"918" -0.1248 -0.0804 0.0709 0.0889 -0.1075 0.0307 -0.0306 0.0251 -0.01 -0.0783 -0.047
"919" -0.4776 0.0131 0.0649 -0.0317 0.0179 0.0168 0.0144 -0.0055 0.0021 -0.0519 0.0245
"920" -0.3195 0.0848 -0.0422 -0.0952 -0.005 0.025 -0.0141 -0.0733 0.014 0.0824 0.0215
"921" 2.2926 0.0644 0.0306 -0.0684 0.0313 0.0121 0.1202 -0.0483 -0.0226 -0.0246 0.0765
"922" -1.8455 0.0163 0.01 0.0788 -0.1766 0.0373 -0.0752 -6e-04 0.0415 0.0267 0.0454
"923" -0.2947 0.0059 0.07 0.0215 -0.086 0.0582 0.0217 -0.0714 0.0262 -0.0858 0.0486
"924" -0.2102 -0.105 0.07 0.0326 -0.065 0.0063 -0.0423 0.0275 0.037 -0.0784 -0.0516
"925" -1.5788 -0.1202 0.0304 0.1286 0.0343 -0.0605 0.0267 0.0775 -0.0071 -0.091 0.0012
"926" 0.1928 0.0966 -0.0607 -0.0205 0.0362 -0.0068 0.0579 0.0286 -0.0326 0.0766 0.004
"927" 0.9187 0.1009 0.141 0.0026 0.1007 0.0071 0.0982 0.1432 0.0141 -0.0416 -0.0578
"928" -0.9494 -0.0189 0.0386 0.0085 -0.1261 0.0434 0.0348 -0.0429 0.0354 -0.05 0.0161
"929" -0.0921 0.0875 -0.1233 0.0263 0.0509 -0.0205 0.0537 -0.0224 0.003 -0.0093 0.1238
"930" -2.5782 -0.1563 0.0979 -0.0186 -0.2157 0.0773 -0.0644 -0.2022 0.0036 -0.0564 -0.0044
"931" 1.1426 0.1523 0.0016 -0.0717 0.0541 0.01 0.0135 0.0921 -0.0111 0.0433 0.0475
"932" -0.3016 0.1032 -0.0708 0.0025 -0.073 0.0471 0.043 -0.0281 0.0167 0 0.0836
"933" -0.7292 -0.0111 -0.0083 -0.0019 0.1303 -0.062 -0.052 0.1152 0.0201 0.0258 -0.0474
"934" 1.0276 -0.0121 0.0327 -0.037 -0.0784 0.0576 -0.0458 -0.117 0.0223 -0.0051 0.0205
"935" -0.1828 -0.1716 -0.1072 0.1116 -0.1803 -0.0023 -0.0253 -0.0855 0.0222 -0.0949 0.0161
"936" 0.9607 0.0368 0.0047 0.0699 -0.006 0.0076 0.0483 0.0528 0.0212 -0.063 0.024
"937" -0.6953 0.0056 0.0294 -0.029 -0.1615 0.0875 -0.018 -0.1375 0.025 -0.004 0.0065
"938" 0.6841 0.1379 -0.0174 -0.0261 0.0618 0.0122 0.0731 -0.0041 0.0158 0.0052 0.0657
"939" 0.7193 -0.0052 0.0025 -0.029 0.1816 -0.0598 0.0457 0.0563 -0.0096 -0.0364 0.0128
"940" 0.8981 0.1871 -0.0212 -0.1002 0.1314 -0.0061 0.1113 0.0611 0.0018 0.0471 0.0334
"941" -1.1933 -0.0568 0.0062 -0.0272 0.0798 -0.0469 -0.0034 0.0969 0.0113 -0.023 -0.0873
"942" -0.3552 -0.0745 -0.0242 -0.0251 -0.0986 0.0384 0.0431 -0.0547 -0.0265 -0.0912 0.0119
"943" 0.4349 -0.0415 0.0366 0.0433 0.0291 -0.0309 0.0242 0.1352 -0.0267 -0.0529 -0.0637
"944" 0.351 0.0309 -0.0372 0.0351 0.0191 -0.0321 -0.0876 0.0403 0.022 0.0691 0.0288
"945" -0.8078 -0.2569 0.0239 0.1102 -0.1005 -0.0374 -0.0841 -0.0222 -0.0013 -0.0828 -0.0523
"946" 0.2785 0.1435 -0.0403 -0.0326 -0.0444 0.0646 0.1368 -0.1444 -0.0342 0.0249 0.1019
"947" 1.521 0.019 -0.1102 -0.0312 0.1046 -0.0555 0.0562 0.0675 0.0011 -0.0124 0.0469
"948" -0.3829 0.1285 -0.0661 -0.0102 0.0149 0.0183 0.1081 -0.0331 5e-04 0.0369 0.105
"949" -1.28 -0.0434 0.1342 0.0516 -0.0417 0.0095 0.0043 0.1268 0.0164 -0.0772 -0.0632
"950" -0.2065 0.0852 -0.0085 -0.0068 -0.0493 0.0348 -0.034 -0.1001 0.029 0.0722 0.066
"951" 1.1075 -0.042 -0.1891 0.0123 -0.0319 -0.0239 -0.0067 -0.157 -0.0342 0.0533 0.0833
"952" -0.8198 -0.0644 -0.0684 0.004 -0.144 0.0306 -0.067 -0.1249 0.0026 0.0208 0.0429
"953" 1.4429 0.0186 -0.0247 -0.0477 0.1781 -0.0835 -0.0576 0.1118 -0.0271 0.1133 -0.0613
"954" -0.9498 -0.0325 -0.0593 0.0547 -0.0947 0.0067 -0.0779 -0.0172 8e-04 0.0327 -0.0023
"955" 0.9528 0.072 0.0551 -0.048 -9e-04 0.0245 -0.0507 0.0133 0.0053 0.0789 -0.0394
"956" 1.5341 -0.0847 0.041 0.0136 0.0547 -0.0617 -0.1119 0.0766 -0.0243 0.0726 -0.0631
"957" -0.7202 -0.1766 0.0786 0.0341 -0.1512 0.0352 -0.1057 -0.0374 0.0524 -0.0571 -0.0456
"958" -0.436 -0.0618 -0.0207 0.04 0.0162 -0.0116 -0.0623 0.0122 0.0041 0.0061 -0.0676
"959" 0.5647 0.1046 -0.0286 -0.0725 0.0141 0.0299 -0.0467 -0.098 -0.0118 0.1282 0.0417
"960" -0.9819 -0.2211 0.0142 0.0132 -0.1524 0.0165 -0.1913 -0.1582 0.0137 0.0139 -0.0369
"961" -1.1967 -0.0657 -0.0866 0.0787 -0.0606 -0.0031 -0.0767 -0.0578 -0.0206 -0.0034 3e-04
"962" 1.3574 0.0949 0.0021 -0.0367 0.0954 -0.0327 0.0277 0.0929 -0.002 0.0205 0.0506
"963" -0.9527 0.0882 -0.0483 -0.0227 -0.0954 0.0495 -0.0742 -0.055 0.0242 0.0832 0.0557
"964" -0.3655 -0.0925 0.0329 -0.0389 0.1206 -0.0593 -0.1706 0.1187 -0.0015 0.069 -0.1466
"965" -0.791 -0.1236 -0.0043 0.0286 0.0346 -0.0395 -0.0479 0.072 -0.0021 -0.0468 -0.0859
"966" -1.667 -0.1064 0.0165 0.0117 -0.015 -0.0204 -0.0837 -0.0248 -0.0389 0.0331 -0.0866
"967" -0.1253 0.0962 0.0067 -0.0618 0.0679 -0.0041 0.0675 0.0143 0.0026 0.0233 0.0331
"968" -0.3283 0.0058 0.1149 -0.0586 -0.0564 0.062 0.0205 -0.1211 0.0044 -0.016 -9e-04
"969" 0.0791 0.007 0.0689 0.0422 0.0696 -0.0125 -0.0424 0.1906 -0.0104 -8e-04 -0.1487
"970" -0.8837 0.0396 0.0496 -0.0193 0.1608 -0.0582 0.0057 0.1513 0.0295 -0.0075 -0.0206
"971" 1.2656 0.0507 0.0042 0 -0.0921 0.0516 0.0472 -0.0836 0.0409 -0.011 0.0776
"972" 1.043 -0.0526 -0.0109 0.073 0.0338 -0.0492 -0.0395 0.0587 -0.0144 0.0065 -0.0216
"973" -0.6805 -0.004 -0.0402 -0.0096 0.0941 -0.0427 -0.0578 0.1054 -6e-04 0.0498 -0.0775
"974" 0.0928 -0.0118 0.0053 0.0151 0.016 -0.0024 -0.0317 -0.0306 -0.0042 0.0412 -0.0063
"975" -0.0764 -0.0522 -0.0533 0.0407 -0.0181 -0.0156 0.1122 -0.0227 -0.0393 -0.0465 -2e-04
"976" -1.7254 -0.0202 0.0662 -0.0017 -0.0025 0.0148 0.0871 0.0219 0.038 -0.1172 0.0154
"977" 0.7723 0.0825 -0.0458 -0.049 0.0243 0.0093 0.0915 -0.0448 -0.0221 0.0376 0.0385
"978" 0.3471 0.0018 -3e-04 0.0105 -0.1323 0.0563 -0.0451 -0.0781 0.0477 -0.0113 0.0445
"979" 0.7342 0.0948 -0.0016 0.0016 0.105 -0.0311 0.114 0.0746 -0.0484 0.0104 0.0166
"980" -0.5257 0.0792 0.0124 0.0051 0.2042 -0.0894 0.091 0.1761 -0.0098 0.0234 0.0019
"981" 0.4427 0.0807 -0.0184 -0.0473 0.1623 -0.0658 -0.0442 0.1272 -0.0052 0.0629 0.0155
"982" -0.2603 -0.0261 -0.024 0.118 -0.0571 -0.0093 0.0943 0.0512 3e-04 -0.0563 -0.0115
"983" -1.5723 -0.0594 0.0406 0.0575 -0.0492 -0.0034 -0.0456 0.059 4e-04 -0.0221 -0.064
"984" -0.8985 -0.0212 0.0067 0.0144 0.0962 -0.0739 -0.1255 0.1711 0.0293 0.063 -0.0769
"985" 0.768 0.1616 0.1202 -0.024 0.0745 0.0233 0.0791 0.1023 -0.0048 0.0104 -0.0332
"986" 0.2381 0.0576 -0.1308 0.0018 0.0041 -0.0274 0.0042 0.0074 0.011 0.0787 0.0307
"987" -2.5366 -0.0619 0.0707 0.0517 -0.0887 0.0202 -0.1269 -0.0168 0.0316 0.0025 -0.0363
"988" 1.1561 0.2189 0.0433 -0.0978 0.2301 -0.0311 0.0758 0.1221 -0.0259 0.0814 0.0221
"989" 0.805 -0.0416 0.0374 0.0339 -0.0302 -0.0073 -0.0897 0.1081 0.0151 0.0196 -0.1147
"990" -0.1362 -0.1532 0.139 0.0033 -0.0468 0.0161 -0.0412 0.0333 0.0313 -0.1159 -0.1126
"991" -0.6672 -0.1438 0.1175 -0.0064 -0.033 -0.0147 -0.1499 0.0645 0.0472 -0.0195 -0.122
"992" -1.8387 -0.1884 -0.0847 0.0414 -0.0226 -0.0509 -0.1035 -0.0366 0.0105 -0.0425 -0.0231
"993" 0.0706 -0.0206 -0.0185 0.0498 0.0229 -0.0258 -0.01 0.0266 -0.0157 0.017 -0.0366
"994" -0.5823 -2e-04 0.0781 -0.0087 0.0841 -0.0227 0.0206 0.0441 -0.0045 0.0119 -0.0632
"995" 1.1444 -0.027 -0.096 0.0293 -0.0239 -0.0237 -0.051 -0.0657 -0.0032 0.063 0.0371
"996" -3.4684 -0.1013 -0.1805 0.0599 -0.0775 -0.0159 -0.069 -0.0039 0.0097 0.0189 -0.0608
"997" 1.5539 0.0095 0.0744 0.0253 0.1436 -0.0569 0.0194 0.1901 0.0208 -0.0167 -0.11
"998" -0.2673 0.1125 -0.0536 0.0312 0.0665 -0.0232 0.099 0.1113 -0.0097 0.0051 -0.0011
"999" -1.3445 0.0289 -4e-04 -0.0487 0.1413 -0.0503 -0.0228 0.106 0.0087 0.0505 -0.0601
"1000" 0.1513 -0.0635 0.0383 0.051 -0.1471 0.0586 -0.0062 -0.0875 -0.0181 -0.0221 -0.0341
