2.08773359527424
-9.68847741296709
-2.19031172926063
1.34073324776793
-6.40694422358614
-22.0770568416491
4.53471617475444
3.10959800275787
3.05361637648575
-8.88083436305232
-2.9419917828265
-11.0139366102278
-0.566308434430961
4.85131795715287
-9.15980550429376
3.46065554804425
6.28185873504719
0.0542045582651107
-2.89288920835241
-5.2197365559906
-0.463515622043296
0.666491964134167
-0.336766089215608
6.28331518370392
-1.22160526719571
7.83275562691357
8.6391497398342
-3.01861304146209
6.917145130524
3.09147123084379
-6.51159323607871
2.96674711260579
1.03359040116464
1.60383467727095
3.95926599112269
4.19805698019605
4.35421536065169
-4.88673935808536
2.15814774023208
-1.99953001350371
-4.79429317588006
1.40117261697047
-0.617841528853082
2.38516268138619
-10.2747496723938
-1.52958138560458
7.36851976572552
-2.82931484634771
0.958232098090573
1.13159255438223
-7.80929416841943
-1.7033701628461
-8.03087627889919
2.57466359555784
-8.02617802521912
2.10473181883632
-4.66839475003217
0.29897661275856
-5.28390848700216
1.95263589508135
1.11087525630682
1.07618645140212
-1.81606519970126
-3.98554129246307
-1.97730501826088
1.84938447354839
-13.1314495703617
1.8548611734052
-1.46211345082501
3.52220647888344
1.67195186624824
-8.00094616638943
2.94569745064053
-7.2502951411374
-5.02757292384081
2.14508495994742
4.95633630509837
6.0914882372164
-5.5596381080248
-1.88920181942351
-3.88181620916366
1.96849527518836
-11.6764985869194
-9.82512854787632
0.186665066526584
4.33671052918221
-1.74379827938794
-8.49815032797281
-2.42812467623667
2.98730120370817
-1.83051829089956
10.3602262113161
-7.11993854645986
5.53090343391272
-6.01652255866386
-6.01191382087039
-2.0170630326227
-5.22516742510357
-5.7540171388606
-0.453431547161522
